AA     0.005476     0.006783     -0.001452
AR     0.003330     0.007446     -0.000831
AN     0.003330     0.006825     -0.000167
AD     0.003922     0.008348     -0.000520
AC     0.000962     0.001904      0.000020
AQ     0.002738     0.005959     -0.000504
AE     0.004144     0.008831     -0.000560
AG     0.005106     0.011223     -0.001059
AH     0.001554     0.003146     -0.000038
AI     0.004588     0.009543     -0.000374
AL     0.006734     0.015103     -0.001730
AK     0.003922     0.007797      0.000047
AM     0.001406     0.003071     -0.000271
AF     0.003256     0.006773     -0.000266
AP     0.002886     0.006224     -0.000469
AS     0.004514     0.009520     -0.000505
AT     0.004144     0.009205     -0.000966
AW     0.001184     0.002312      0.000055
AY     0.002960     0.006101     -0.000184
AV     0.005550     0.012571     -0.001564
RA     0.003330     0.007446     -0.000831
RR     0.002025     0.002262     -0.000250
RN     0.002025     0.003729      0.000308
RD     0.002385     0.004804     -0.000034
RC     0.000585     0.001245     -0.000077
RQ     0.001665     0.003514     -0.000189
RE     0.002520     0.005382     -0.000353
RG     0.003105     0.006482     -0.000278
RH     0.000945     0.002019     -0.000133
RI     0.002790     0.005728     -0.000150
RL     0.004095     0.009520     -0.001433
RK     0.002385     0.004746      0.000024
RM     0.000855     0.001911     -0.000212
RF     0.001980     0.004090     -0.000132
RP     0.001755     0.003722     -0.000218
RS     0.002745     0.005380      0.000109
RT     0.002520     0.004934      0.000105
RW     0.000720     0.001505     -0.000066
RY     0.001800     0.003634     -0.000034
RV     0.003375     0.007501     -0.000791
NA     0.003330     0.006825     -0.000167
NR     0.002025     0.003729      0.000308
NN     0.002025     0.002314     -0.000309
ND     0.002385     0.004859     -0.000090
NC     0.000585     0.001140      0.000030
NQ     0.001665     0.003359     -0.000029
NE     0.002520     0.005079     -0.000039
NG     0.003105     0.006134      0.000076
NH     0.000945     0.001768      0.000118
NI     0.002790     0.006542     -0.001041
NL     0.004095     0.008749     -0.000578
NK     0.002385     0.005255     -0.000509
NM     0.000855     0.001761     -0.000052
NF     0.001980     0.004190     -0.000237
NP     0.001755     0.003416      0.000093
NS     0.002745     0.005916     -0.000442
NT     0.002520     0.005255     -0.000220
NW     0.000720     0.001550     -0.000114
NY     0.001800     0.004113     -0.000548
NV     0.003375     0.007156     -0.000418
DA     0.003922     0.008348     -0.000520
DR     0.002385     0.004804     -0.000034
DN     0.002385     0.004859     -0.000090
DD     0.002809     0.003171     -0.000384
DC     0.000689     0.001430     -0.000053
DQ     0.001961     0.003764      0.000155
DE     0.002968     0.006186     -0.000255
DG     0.003657     0.007231      0.000083
DH     0.001113     0.002309     -0.000085
DI     0.003286     0.007203     -0.000660
DL     0.004823     0.010635     -0.001038
DK     0.002809     0.006109     -0.000512
DM     0.001007     0.002036     -0.000022
DF     0.002332     0.005009     -0.000357
DP     0.002067     0.004108      0.000026
DS     0.003233     0.006808     -0.000351
DT     0.002968     0.006234     -0.000305
DW     0.000848     0.001826     -0.000135
DY     0.002120     0.004644     -0.000423
DV     0.003975     0.008603     -0.000679
CA     0.000962     0.001904      0.000020
CR     0.000585     0.001245     -0.000077
CN     0.000585     0.001140      0.000030
CD     0.000689     0.001430     -0.000053
CC     0.000169     0.000341     -0.000239
CQ     0.000481     0.001004     -0.000043
CE     0.000728     0.001350      0.000102
CG     0.000897     0.002039     -0.000261
CH     0.000273     0.000586     -0.000041
CI     0.000806     0.001530      0.000080
CL     0.001183     0.002274      0.000090
CK     0.000689     0.001360      0.000018
CM     0.000247     0.000544     -0.000052
CF     0.000572     0.001095      0.000048
CP     0.000507     0.001220     -0.000226
CS     0.000793     0.001758     -0.000181
CT     0.000728     0.001445      0.000011
CW     0.000208     0.000448     -0.000033
CY     0.000520     0.001072     -0.000032
CV     0.000975     0.001856      0.000092
QA     0.002738     0.005959     -0.000504
QR     0.001665     0.003514     -0.000189
QN     0.001665     0.003359     -0.000029
QD     0.001961     0.003764      0.000155
QC     0.000481     0.001004     -0.000043
QQ     0.001369     0.001480     -0.000115
QE     0.002072     0.004275     -0.000133
QG     0.002553     0.005049      0.000057
QH     0.000777     0.001633     -0.000081
QI     0.002294     0.004924     -0.000348
QL     0.003367     0.007534     -0.000846
QK     0.001961     0.004002     -0.000081
QM     0.000703     0.001360      0.000045
QF     0.001628     0.003419     -0.000167
QP     0.001443     0.002953     -0.000068
QS     0.002257     0.004997     -0.000508
QT     0.002072     0.004288     -0.000146
QW     0.000592     0.001177      0.000007
QY     0.001480     0.003151     -0.000197
QV     0.002775     0.005843     -0.000301
EA     0.004144     0.008831     -0.000560
ER     0.002520     0.005382     -0.000353
EN     0.002520     0.005079     -0.000039
ED     0.002968     0.006186     -0.000255
EC     0.000728     0.001350      0.000102
EQ     0.002072     0.004275     -0.000133
EE     0.003136     0.003892     -0.000841
EG     0.003864     0.007875     -0.000148
EH     0.001176     0.002590     -0.000250
EI     0.003472     0.007812     -0.000920
EL     0.005096     0.011569     -0.001466
EK     0.002968     0.006610     -0.000711
EM     0.001064     0.002424     -0.000316
EF     0.002464     0.005337     -0.000426
EP     0.002184     0.004513     -0.000147
ES     0.003416     0.006369      0.000447
ET     0.003136     0.006259      0.000013
EW     0.000896     0.001711      0.000079
EY     0.002240     0.004664     -0.000188
EV     0.004200     0.009478     -0.001144
GA     0.005106     0.011223     -0.001059
GR     0.003105     0.006482     -0.000278
GN     0.003105     0.006134      0.000076
GD     0.003657     0.007231      0.000083
GC     0.000897     0.002039     -0.000261
GQ     0.002553     0.005049      0.000057
GE     0.003864     0.007875     -0.000148
GG     0.004761     0.005530     -0.000828
GH     0.001449     0.002870      0.000028
GI     0.004278     0.009365     -0.000846
GL     0.006279     0.013250     -0.000711
GK     0.003657     0.007261      0.000053
GM     0.001311     0.002793     -0.000176
GF     0.003036     0.006424     -0.000362
GP     0.002691     0.005738     -0.000368
GS     0.004209     0.009154     -0.000767
GT     0.003864     0.008258     -0.000548
GW     0.001104     0.002480     -0.000288
GY     0.002760     0.006121     -0.000633
GV     0.005175     0.011744     -0.001484
HA     0.001554     0.003146     -0.000038
HR     0.000945     0.002019     -0.000133
HN     0.000945     0.001768      0.000118
HD     0.001113     0.002309     -0.000085
HC     0.000273     0.000586     -0.000041
HQ     0.000777     0.001633     -0.000081
HE     0.001176     0.002590     -0.000250
HG     0.001449     0.002870      0.000028
HH     0.000441     0.000503     -0.000066
HI     0.001302     0.002825     -0.000230
HL     0.001911     0.004290     -0.000496
HK     0.001113     0.002162      0.000063
HM     0.000399     0.000824     -0.000026
HF     0.000924     0.002086     -0.000253
HP     0.000819     0.001583      0.000054
HS     0.001281     0.002520      0.000042
HT     0.001176     0.002344      0.000008
HW     0.000336     0.000684     -0.000012
HY     0.000840     0.001891     -0.000224
HV     0.001575     0.003386     -0.000245
IA     0.004588     0.009543     -0.000374
IR     0.002790     0.005728     -0.000150
IN     0.002790     0.006542     -0.001041
ID     0.003286     0.007203     -0.000660
IC     0.000806     0.001530      0.000080
IQ     0.002294     0.004924     -0.000348
IE     0.003472     0.007812     -0.000920
IG     0.004278     0.009365     -0.000846
IH     0.001302     0.002825     -0.000230
II     0.003844     0.004215     -0.000388
IL     0.005642     0.011416     -0.000133
IK     0.003286     0.007835     -0.001377
IM     0.001178     0.002515     -0.000164
IF     0.002728     0.005538     -0.000083
IP     0.002418     0.004997     -0.000164
IS     0.003782     0.008368     -0.000845
IT     0.003472     0.007446     -0.000520
IW     0.000992     0.001911      0.000072
IY     0.002480     0.005342     -0.000396
IV     0.004650     0.009728     -0.000438
LA     0.006734     0.015103     -0.001730
LR     0.004095     0.009520     -0.001433
LN     0.004095     0.008749     -0.000578
LD     0.004823     0.010635     -0.001038
LC     0.001183     0.002274      0.000090
LQ     0.003367     0.007534     -0.000846
LE     0.005096     0.011569     -0.001466
LG     0.006279     0.013250     -0.000711
LH     0.001911     0.004290     -0.000496
LI     0.005642     0.011416     -0.000133
LL     0.008281     0.009402     -0.001194
LK     0.004823     0.010798     -0.001218
LM     0.001729     0.003592     -0.000137
LF     0.004004     0.008436     -0.000439
LP     0.003549     0.007637     -0.000559
LS     0.005551     0.012137     -0.001082
LT     0.005096     0.010687     -0.000507
LW     0.001456     0.002860      0.000052
LY     0.003640     0.007258      0.000022
LV     0.006825     0.014036     -0.000391
KA     0.003922     0.007797      0.000047
KR     0.002385     0.004746      0.000024
KN     0.002385     0.005255     -0.000509
KD     0.002809     0.006109     -0.000512
KC     0.000689     0.001360      0.000018
KQ     0.001961     0.004002     -0.000081
KE     0.002968     0.006610     -0.000711
KG     0.003657     0.007261      0.000053
KH     0.001113     0.002162      0.000063
KI     0.003286     0.007835     -0.001377
KL     0.004823     0.010798     -0.001218
KK     0.002809     0.003439     -0.000696
KM     0.001007     0.002229     -0.000226
KF     0.002332     0.005069     -0.000422
KP     0.002067     0.004078      0.000056
KS     0.003233     0.006474     -0.000008
KT     0.002968     0.006517     -0.000609
KW     0.000848     0.001558      0.000132
KY     0.002120     0.004471     -0.000237
KV     0.003975     0.008533     -0.000604
MA     0.001406     0.003071     -0.000271
MR     0.000855     0.001911     -0.000212
MN     0.000855     0.001761     -0.000052
MD     0.001007     0.002036     -0.000022
MC     0.000247     0.000544     -0.000052
MQ     0.000703     0.001360      0.000045
ME     0.001064     0.002424     -0.000316
MG     0.001311     0.002793     -0.000176
MH     0.000399     0.000824     -0.000026
MI     0.001178     0.002515     -0.000164
ML     0.001729     0.003592     -0.000137
MK     0.001007     0.002229     -0.000226
MM     0.000361     0.000473     -0.000128
MF     0.000836     0.001793     -0.000125
MP     0.000741     0.001448      0.000034
MS     0.001159     0.002445     -0.000130
MT     0.001064     0.002354     -0.000238
MW     0.000304     0.000556      0.000050
MY     0.000760     0.001701     -0.000191
MV     0.001425     0.002981     -0.000134
FA     0.003256     0.006773     -0.000266
FR     0.001980     0.004090     -0.000132
FN     0.001980     0.004190     -0.000237
FD     0.002332     0.005009     -0.000357
FC     0.000572     0.001095      0.000048
FQ     0.001628     0.003419     -0.000167
FE     0.002464     0.005337     -0.000426
FG     0.003036     0.006424     -0.000362
FH     0.000924     0.002086     -0.000253
FI     0.002728     0.005538     -0.000083
FL     0.004004     0.008436     -0.000439
FK     0.002332     0.005069     -0.000422
FM     0.000836     0.001793     -0.000125
FF     0.001936     0.002134     -0.000208
FP     0.001716     0.003559     -0.000129
FS     0.002684     0.005758     -0.000404
FT     0.002464     0.005247     -0.000329
FW     0.000704     0.001500     -0.000095
FY     0.001760     0.003792     -0.000282
FV     0.003300     0.006863     -0.000268
PA     0.002886     0.006224     -0.000469
PR     0.001755     0.003722     -0.000218
PN     0.001755     0.003416      0.000093
PD     0.002067     0.004108      0.000026
PC     0.000507     0.001220     -0.000226
PQ     0.001443     0.002953     -0.000068
PE     0.002184     0.004513     -0.000147
PG     0.002691     0.005738     -0.000368
PH     0.000819     0.001583      0.000054
PI     0.002418     0.004997     -0.000164
PL     0.003549     0.007637     -0.000559
PK     0.002067     0.004078      0.000056
PM     0.000741     0.001448      0.000034
PF     0.001716     0.003559     -0.000129
PP     0.001521     0.001570     -0.000050
PS     0.002379     0.004684      0.000073
PT     0.002184     0.004671     -0.000313
PW     0.000624     0.001385     -0.000144
PY     0.001560     0.003198     -0.000079
PV     0.002925     0.006354     -0.000525
SA     0.004514     0.009520     -0.000505
SR     0.002745     0.005380      0.000109
SN     0.002745     0.005916     -0.000442
SD     0.003233     0.006808     -0.000351
SC     0.000793     0.001758     -0.000181
SQ     0.002257     0.004997     -0.000508
SE     0.003416     0.006369      0.000447
SG     0.004209     0.009154     -0.000767
SH     0.001281     0.002520      0.000042
SI     0.003782     0.008368     -0.000845
SL     0.005551     0.012137     -0.001082
SK     0.003233     0.006474     -0.000008
SM     0.001159     0.002445     -0.000130
SF     0.002684     0.005758     -0.000404
SP     0.002379     0.004684      0.000073
SS     0.003721     0.004408     -0.000747
ST     0.003416     0.007589     -0.000797
SW     0.000976     0.002182     -0.000243
SY     0.002440     0.005605     -0.000776
SV     0.004575     0.009758     -0.000628
TA     0.004144     0.009205     -0.000966
TR     0.002520     0.004934      0.000105
TN     0.002520     0.005255     -0.000220
TD     0.002968     0.006234     -0.000305
TC     0.000728     0.001445      0.000011
TQ     0.002072     0.004288     -0.000146
TE     0.003136     0.006259      0.000013
TG     0.003864     0.008258     -0.000548
TH     0.001176     0.002344      0.000008
TI     0.003472     0.007446     -0.000520
TL     0.005096     0.010687     -0.000507
TK     0.002968     0.006517     -0.000609
TM     0.001064     0.002354     -0.000238
TF     0.002464     0.005247     -0.000329
TP     0.002184     0.004671     -0.000313
TS     0.003416     0.007589     -0.000797
TT     0.003136     0.003719     -0.000634
TW     0.000896     0.001878     -0.000088
TY     0.002240     0.004897     -0.000436
TV     0.004200     0.009202     -0.000839
WA     0.001184     0.002312      0.000055
WR     0.000720     0.001505     -0.000066
WN     0.000720     0.001550     -0.000114
WD     0.000848     0.001826     -0.000135
WC     0.000208     0.000448     -0.000033
WQ     0.000592     0.001177      0.000007
WE     0.000896     0.001711      0.000079
WG     0.001104     0.002480     -0.000288
WH     0.000336     0.000684     -0.000012
WI     0.000992     0.001911      0.000072
WL     0.001456     0.002860      0.000052
WK     0.000848     0.001558      0.000132
WM     0.000304     0.000556      0.000050
WF     0.000704     0.001500     -0.000095
WP     0.000624     0.001385     -0.000144
WS     0.000976     0.002182     -0.000243
WT     0.000896     0.001878     -0.000088
WW     0.000256     0.000426     -0.000217
WY     0.000640     0.001378     -0.000102
WV     0.001200     0.002382      0.000018
YA     0.002960     0.006101     -0.000184
YR     0.001800     0.003634     -0.000034
YN     0.001800     0.004113     -0.000548
YD     0.002120     0.004644     -0.000423
YC     0.000520     0.001072     -0.000032
YQ     0.001480     0.003151     -0.000197
YE     0.002240     0.004664     -0.000188
YG     0.002760     0.006121     -0.000633
YH     0.000840     0.001891     -0.000224
YI     0.002480     0.005342     -0.000396
YL     0.003640     0.007258      0.000022
YK     0.002120     0.004471     -0.000237
YM     0.000760     0.001701     -0.000191
YF     0.001760     0.003792     -0.000282
YP     0.001560     0.003198     -0.000079
YS     0.002440     0.005605     -0.000776
YT     0.002240     0.004897     -0.000436
YW     0.000640     0.001378     -0.000102
YY     0.001600     0.001788     -0.000199
YV     0.003000     0.005994      0.000006
VA     0.005550     0.012571     -0.001564
VR     0.003375     0.007501     -0.000791
VN     0.003375     0.007156     -0.000418
VD     0.003975     0.008603     -0.000679
VC     0.000975     0.001856      0.000092
VQ     0.002775     0.005843     -0.000301
VE     0.004200     0.009478     -0.001144
VG     0.005175     0.011744     -0.001484
VH     0.001575     0.003386     -0.000245
VI     0.004650     0.009728     -0.000438
VL     0.006825     0.014036     -0.000391
VK     0.003975     0.008533     -0.000604
VM     0.001425     0.002981     -0.000134
VF     0.003300     0.006863     -0.000268
VP     0.002925     0.006354     -0.000525
VS     0.004575     0.009758     -0.000628
VT     0.004200     0.009202     -0.000839
VW     0.001200     0.002382      0.000018
VY     0.003000     0.005994      0.000006
VV     0.005625     0.005951     -0.000335
