AA     0.005329     0.007405     -0.002436
AR     0.003139     0.006441     -0.000165
AN     0.003066     0.005492      0.000605
AD     0.003285     0.006367      0.000200
AC     0.001168     0.002264      0.000071
AQ     0.002555     0.005283     -0.000176
AE     0.003723     0.007398      0.000048
AG     0.004745     0.010686     -0.001268
AH     0.001387     0.002780     -0.000006
AI     0.004964     0.011276     -0.001436
AL     0.006643     0.015909     -0.002866
AK     0.003723     0.006942      0.000487
AM     0.001387     0.003064     -0.000305
AF     0.003139     0.006217      0.000061
AP     0.003212     0.007114     -0.000726
AS     0.004161     0.008601     -0.000284
AT     0.004307     0.009326     -0.000741
AW     0.001095     0.002227     -0.000037
AY     0.002993     0.005657      0.000320
AV     0.006351     0.015879     -0.003545
RA     0.003139     0.006441     -0.000165
RR     0.001849     0.002302     -0.000504
RN     0.001806     0.003594      0.000018
RD     0.001935     0.004865     -0.001113
RC     0.000688     0.001375      0.000001
RQ     0.001505     0.002907      0.000101
RE     0.002193     0.006337     -0.002332
RG     0.002795     0.006434     -0.000905
RH     0.000817     0.001786     -0.000159
RI     0.002924     0.005784      0.000064
RL     0.003913     0.008422     -0.000618
RK     0.002193     0.003669      0.000655
RM     0.000817     0.001846     -0.000225
RF     0.001849     0.003684      0.000014
RP     0.001892     0.004155     -0.000389
RS     0.002451     0.005156     -0.000260
RT     0.002537     0.005134     -0.000060
RW     0.000645     0.001472     -0.000194
RY     0.001763     0.003460      0.000065
RV     0.003741     0.008055     -0.000594
NA     0.003066     0.005492      0.000605
NR     0.001806     0.003594      0.000018
NN     0.001764     0.002279     -0.000584
ND     0.001890     0.004506     -0.000792
NC     0.000672     0.001480     -0.000143
NQ     0.001470     0.003609     -0.000740
NE     0.002142     0.004259      0.000025
NG     0.002730     0.005941     -0.000502
NH     0.000798     0.001651     -0.000056
NI     0.002856     0.005933     -0.000225
NL     0.003822     0.007024      0.000594
NK     0.002142     0.004939     -0.000703
NM     0.000798     0.001554      0.000041
NF     0.001806     0.003684     -0.000073
NP     0.001848     0.004162     -0.000494
NS     0.002394     0.005769     -0.001075
NT     0.002478     0.005873     -0.000997
NW     0.000630     0.001315     -0.000056
NY     0.001722     0.003662     -0.000225
NV     0.003654     0.006920      0.000378
DA     0.003285     0.006367      0.000200
DR     0.001935     0.004865     -0.001113
DN     0.001890     0.004506     -0.000792
DD     0.002025     0.001876      0.000143
DC     0.000720     0.001300      0.000133
DQ     0.001575     0.003378     -0.000236
DE     0.002295     0.004424      0.000163
DG     0.002925     0.006404     -0.000579
DH     0.000855     0.002010     -0.000325
DI     0.003060     0.006292     -0.000174
DL     0.004095     0.007958      0.000229
DK     0.002295     0.006113     -0.001752
DM     0.000855     0.001629      0.000079
DF     0.001935     0.003960     -0.000091
DP     0.001980     0.004394     -0.000457
DS     0.002565     0.005836     -0.000752
DT     0.002655     0.006187     -0.000946
DW     0.000675     0.001308      0.000041
DY     0.001845     0.003938     -0.000256
DV     0.003915     0.008235     -0.000415
CA     0.001168     0.002264      0.000071
CR     0.000688     0.001375      0.000001
CN     0.000672     0.001480     -0.000143
CD     0.000720     0.001300      0.000133
CC     0.000256     0.001300     -0.002112
CQ     0.000560     0.000919      0.000182
CE     0.000816     0.001151      0.000402
CG     0.001040     0.002249     -0.000176
CH     0.000304     0.000560      0.000046
CI     0.001088     0.001935      0.000227
CL     0.001456     0.002944     -0.000032
CK     0.000816     0.001382      0.000230
CM     0.000304     0.000628     -0.000020
CF     0.000688     0.001420     -0.000045
CP     0.000704     0.001367      0.000040
CS     0.000912     0.002122     -0.000321
CT     0.000944     0.001816      0.000071
CW     0.000240     0.000531     -0.000054
CY     0.000656     0.001554     -0.000263
CV     0.001392     0.002810     -0.000026
QA     0.002555     0.005283     -0.000176
QR     0.001505     0.002907      0.000101
QN     0.001470     0.003609     -0.000740
QD     0.001575     0.003378     -0.000236
QC     0.000560     0.000919      0.000182
QQ     0.001225     0.001584     -0.000407
QE     0.001785     0.004342     -0.000850
QG     0.002275     0.004850     -0.000310
QH     0.000665     0.001315      0.000015
QI     0.002380     0.004521      0.000233
QL     0.003185     0.006852     -0.000500
QK     0.001785     0.003856     -0.000297
QM     0.000665     0.000986      0.000295
QF     0.001505     0.003086     -0.000077
QP     0.001540     0.003086     -0.000006
QS     0.001995     0.004274     -0.000294
QT     0.002065     0.004297     -0.000170
QW     0.000525     0.001158     -0.000113
QY     0.001435     0.002907     -0.000037
QV     0.003045     0.006202     -0.000113
EA     0.003723     0.007398      0.000048
ER     0.002193     0.006337     -0.002332
EN     0.002142     0.004259      0.000025
ED     0.002295     0.004424      0.000163
EC     0.000816     0.001151      0.000402
EQ     0.001785     0.004342     -0.000850
EE     0.002601     0.002653     -0.000053
EG     0.003315     0.005881      0.000705
EH     0.000969     0.002070     -0.000136
EI     0.003468     0.006912      0.000024
EL     0.004641     0.009953     -0.000695
EK     0.002601     0.008571     -0.004280
EM     0.000969     0.002055     -0.000120
EF     0.002193     0.004371      0.000015
EP     0.002244     0.004708     -0.000225
ES     0.002907     0.005873     -0.000059
ET     0.003009     0.006195     -0.000180
EW     0.000765     0.001495      0.000035
EY     0.002091     0.003662      0.000486
EV     0.004437     0.008803      0.000071
GA     0.004745     0.010686     -0.001268
GR     0.002795     0.006434     -0.000905
GN     0.002730     0.005941     -0.000502
GD     0.002925     0.006404     -0.000579
GC     0.001040     0.002249     -0.000176
GQ     0.002275     0.004850     -0.000310
GE     0.003315     0.005881      0.000705
GG     0.004225     0.005418     -0.001347
GH     0.001235     0.002765     -0.000312
GI     0.004420     0.008549      0.000286
GL     0.005915     0.011934     -0.000104
GK     0.003315     0.006994     -0.000374
GM     0.001235     0.002668     -0.000206
GF     0.002795     0.005724     -0.000136
GP     0.002860     0.007002     -0.001416
GS     0.003705     0.008825     -0.001542
GT     0.003835     0.008519     -0.000894
GW     0.000975     0.002414     -0.000515
GY     0.002665     0.005956     -0.000661
GV     0.005655     0.011059      0.000248
HA     0.001387     0.002780     -0.000006
HR     0.000817     0.001786     -0.000159
HN     0.000798     0.001651     -0.000056
HD     0.000855     0.002010     -0.000325
HC     0.000304     0.000560      0.000046
HQ     0.000665     0.001315      0.000015
HE     0.000969     0.002070     -0.000136
HG     0.001235     0.002765     -0.000312
HH     0.000361     0.000680     -0.000431
HI     0.001292     0.002638     -0.000055
HL     0.001729     0.003475     -0.000017
HK     0.000969     0.001622      0.000289
HM     0.000361     0.000800     -0.000082
HF     0.000817     0.001823     -0.000200
HP     0.000836     0.001823     -0.000158
HS     0.001083     0.002302     -0.000140
HT     0.001121     0.002541     -0.000318
HW     0.000285     0.000635     -0.000069
HY     0.000779     0.001764     -0.000219
HV     0.001653     0.003848     -0.000584
IA     0.004964     0.011276     -0.001436
IR     0.002924     0.005784      0.000064
IN     0.002856     0.005933     -0.000225
ID     0.003060     0.006292     -0.000174
IC     0.001088     0.001935      0.000227
IQ     0.002380     0.004521      0.000233
IE     0.003468     0.006912      0.000024
IG     0.004420     0.008549      0.000286
IH     0.001292     0.002638     -0.000055
II     0.004624     0.005455     -0.000902
IL     0.006188     0.014534     -0.002336
IK     0.003468     0.007600     -0.000695
IM     0.001292     0.002974     -0.000418
IF     0.002924     0.006382     -0.000558
IP     0.002992     0.005634      0.000340
IS     0.003876     0.007689      0.000063
IT     0.004012     0.008653     -0.000653
IW     0.001020     0.001786      0.000237
IY     0.002788     0.006613     -0.001128
IV     0.005916     0.013847     -0.002178
LA     0.006643     0.015909     -0.002866
LR     0.003913     0.008422     -0.000618
LN     0.003822     0.007024      0.000594
LD     0.004095     0.007958      0.000229
LC     0.001456     0.002944     -0.000032
LQ     0.003185     0.006852     -0.000500
LE     0.004641     0.009953     -0.000695
LG     0.005915     0.011934     -0.000104
LH     0.001729     0.003475     -0.000017
LI     0.006188     0.014534     -0.002336
LL     0.008281     0.011007     -0.003132
LK     0.004641     0.009498     -0.000218
LM     0.001729     0.003774     -0.000330
LF     0.003913     0.009184     -0.001470
LP     0.004004     0.008153     -0.000146
LS     0.005187     0.010043      0.000326
LT     0.005369     0.010970     -0.000234
LW     0.001365     0.002660      0.000069
LY     0.003731     0.008339     -0.000927
LV     0.007917     0.019107     -0.003590
KA     0.003723     0.006942      0.000487
KR     0.002193     0.003669      0.000655
KN     0.002142     0.004939     -0.000703
KD     0.002295     0.006113     -0.001752
KC     0.000816     0.001382      0.000230
KQ     0.001785     0.003856     -0.000297
KE     0.002601     0.008571     -0.004280
KG     0.003315     0.006994     -0.000374
KH     0.000969     0.001622      0.000289
KI     0.003468     0.007600     -0.000695
KL     0.004641     0.009498     -0.000218
KK     0.002601     0.003041     -0.000475
KM     0.000969     0.001980     -0.000042
KF     0.002193     0.004506     -0.000122
KP     0.002244     0.004708     -0.000225
KS     0.002907     0.005918     -0.000105
KT     0.003009     0.006299     -0.000287
KW     0.000765     0.001517      0.000013
KY     0.002091     0.004685     -0.000532
KV     0.004437     0.009072     -0.000200
MA     0.001387     0.003064     -0.000305
MR     0.000817     0.001846     -0.000225
MN     0.000798     0.001554      0.000041
MD     0.000855     0.001629      0.000079
MC     0.000304     0.000628     -0.000020
MQ     0.000665     0.000986      0.000295
ME     0.000969     0.002055     -0.000120
MG     0.001235     0.002668     -0.000206
MH     0.000361     0.000800     -0.000082
MI     0.001292     0.002974     -0.000418
ML     0.001729     0.003774     -0.000330
MK     0.000969     0.001980     -0.000042
MM     0.000361     0.000486     -0.000145
MF     0.000817     0.001831     -0.000208
MP     0.000836     0.001622      0.000049
MS     0.001083     0.002070      0.000094
MT     0.001121     0.002137      0.000103
MW     0.000285     0.000605     -0.000036
MY     0.000779     0.001771     -0.000227
MV     0.001653     0.003632     -0.000342
FA     0.003139     0.006217      0.000061
FR     0.001849     0.003684      0.000014
FN     0.001806     0.003684     -0.000073
FD     0.001935     0.003960     -0.000091
FC     0.000688     0.001420     -0.000045
FQ     0.001505     0.003086     -0.000077
FE     0.002193     0.004371      0.000015
FG     0.002795     0.005724     -0.000136
FH     0.000817     0.001823     -0.000200
FI     0.002924     0.006382     -0.000558
FL     0.003913     0.009184     -0.001470
FK     0.002193     0.004506     -0.000122
FM     0.000817     0.001831     -0.000208
FF     0.001849     0.002331     -0.000540
FP     0.001892     0.004035     -0.000259
FS     0.002451     0.005029     -0.000129
FT     0.002537     0.005223     -0.000151
FW     0.000645     0.001218      0.000070
FY     0.001763     0.003804     -0.000289
FV     0.003741     0.008474     -0.001055
PA     0.003212     0.007114     -0.000726
PR     0.001892     0.004155     -0.000389
PN     0.001848     0.004162     -0.000494
PD     0.001980     0.004394     -0.000457
PC     0.000704     0.001367      0.000040
PQ     0.001540     0.003086     -0.000006
PE     0.002244     0.004708     -0.000225
PG     0.002860     0.007002     -0.001416
PH     0.000836     0.001823     -0.000158
PI     0.002992     0.005634      0.000340
PL     0.004004     0.008153     -0.000146
PK     0.002244     0.004708     -0.000225
PM     0.000836     0.001622      0.000049
PF     0.001892     0.004035     -0.000259
PP     0.001936     0.002466     -0.000597
PS     0.002508     0.006172     -0.001280
PT     0.002596     0.005746     -0.000583
PW     0.000660     0.001532     -0.000228
PY     0.001804     0.003691     -0.000084
PV     0.003828     0.007263      0.000383
SA     0.004161     0.008601     -0.000284
SR     0.002451     0.005156     -0.000260
SN     0.002394     0.005769     -0.001075
SD     0.002565     0.005836     -0.000752
SC     0.000912     0.002122     -0.000321
SQ     0.001995     0.004274     -0.000294
SE     0.002907     0.005873     -0.000059
SG     0.003705     0.008825     -0.001542
SH     0.001083     0.002302     -0.000140
SI     0.003876     0.007689      0.000063
SL     0.005187     0.010043      0.000326
SK     0.002907     0.005918     -0.000105
SM     0.001083     0.002070      0.000094
SF     0.002451     0.005029     -0.000129
SP     0.002508     0.006172     -0.001280
SS     0.003249     0.004259     -0.001153
ST     0.003363     0.007996     -0.001383
SW     0.000855     0.001607      0.000100
SY     0.002337     0.004715     -0.000041
SV     0.004959     0.009625      0.000289
TA     0.004307     0.009326     -0.000741
TR     0.002537     0.005134     -0.000060
TN     0.002478     0.005873     -0.000997
TD     0.002655     0.006187     -0.000946
TC     0.000944     0.001816      0.000071
TQ     0.002065     0.004297     -0.000170
TE     0.003009     0.006195     -0.000180
TG     0.003835     0.008519     -0.000894
TH     0.001121     0.002541     -0.000318
TI     0.004012     0.008653     -0.000653
TL     0.005369     0.010970     -0.000234
TK     0.003009     0.006299     -0.000287
TM     0.001121     0.002137      0.000103
TF     0.002537     0.005223     -0.000151
TP     0.002596     0.005746     -0.000583
TS     0.003363     0.007996     -0.001383
TT     0.003481     0.004401     -0.001032
TW     0.000885     0.001786     -0.000016
TY     0.002419     0.005014     -0.000179
TV     0.005133     0.010865     -0.000616
WA     0.001095     0.002227     -0.000037
WR     0.000645     0.001472     -0.000194
WN     0.000630     0.001315     -0.000056
WD     0.000675     0.001308      0.000041
WC     0.000240     0.000531     -0.000054
WQ     0.000525     0.001158     -0.000113
WE     0.000765     0.001495      0.000035
WG     0.000975     0.002414     -0.000515
WH     0.000285     0.000635     -0.000069
WI     0.001020     0.001786      0.000237
WL     0.001365     0.002660      0.000069
WK     0.000765     0.001517      0.000013
WM     0.000285     0.000605     -0.000036
WF     0.000645     0.001218      0.000070
WP     0.000660     0.001532     -0.000228
WS     0.000855     0.001607      0.000100
WT     0.000885     0.001786     -0.000016
WW     0.000225     0.000359     -0.000168
WY     0.000615     0.001442     -0.000229
WV     0.001305     0.002324      0.000270
YA     0.002993     0.005657      0.000320
YR     0.001763     0.003460      0.000065
YN     0.001722     0.003662     -0.000225
YD     0.001845     0.003938     -0.000256
YC     0.000656     0.001554     -0.000263
YQ     0.001435     0.002907     -0.000037
YE     0.002091     0.003662      0.000486
YG     0.002665     0.005956     -0.000661
YH     0.000779     0.001764     -0.000219
YI     0.002788     0.006613     -0.001128
YL     0.003731     0.008339     -0.000927
YK     0.002091     0.004685     -0.000532
YM     0.000779     0.001771     -0.000227
YF     0.001763     0.003804     -0.000289
YP     0.001804     0.003691     -0.000084
YS     0.002337     0.004715     -0.000041
YT     0.002419     0.005014     -0.000179
YW     0.000615     0.001442     -0.000229
YY     0.001681     0.001965     -0.000307
YV     0.003567     0.007592     -0.000472
VA     0.006351     0.015879     -0.003545
VR     0.003741     0.008055     -0.000594
VN     0.003654     0.006920      0.000378
VD     0.003915     0.008235     -0.000415
VC     0.001392     0.002810     -0.000026
VQ     0.003045     0.006202     -0.000113
VE     0.004437     0.008803      0.000071
VG     0.005655     0.011059      0.000248
VH     0.001653     0.003848     -0.000584
VI     0.005916     0.013847     -0.002178
VL     0.007917     0.019107     -0.003590
VK     0.004437     0.009072     -0.000200
VM     0.001653     0.003632     -0.000342
VF     0.003741     0.008474     -0.001055
VP     0.003828     0.007263      0.000383
VS     0.004959     0.009625      0.000289
VT     0.005133     0.010865     -0.000616
VW     0.001305     0.002324      0.000270
VY     0.003567     0.007592     -0.000472
VV     0.007569     0.009737     -0.002452
