AA     0.005476     0.006647     -0.001288
AR     0.003256     0.007251     -0.000779
AN     0.003256     0.006641     -0.000130
AD     0.003848     0.008137     -0.000453
AC     0.000962     0.001810      0.000111
AQ     0.002664     0.005496     -0.000171
AE     0.004070     0.008581     -0.000453
AG     0.005032     0.011657     -0.001713
AH     0.001480     0.003115     -0.000159
AI     0.004662     0.009679     -0.000362
AL     0.006734     0.015391     -0.002054
AK     0.003922     0.007861     -0.000017
AM     0.001480     0.003013     -0.000053
AF     0.003330     0.007063     -0.000415
AP     0.002886     0.006341     -0.000596
AS     0.004514     0.009635     -0.000627
AT     0.004218     0.009022     -0.000606
AW     0.001184     0.002434     -0.000067
AY     0.003034     0.006183     -0.000116
AV     0.005624     0.012452     -0.001266
RA     0.003256     0.007251     -0.000779
RR     0.001936     0.002232     -0.000318
RN     0.001936     0.003706      0.000162
RD     0.002288     0.004522      0.000054
RC     0.000572     0.001214     -0.000072
RQ     0.001584     0.003234     -0.000067
RE     0.002420     0.005416     -0.000609
RG     0.002992     0.006230     -0.000251
RH     0.000880     0.001945     -0.000194
RI     0.002772     0.005756     -0.000216
RL     0.004004     0.009158     -0.001229
RK     0.002332     0.004652      0.000012
RM     0.000880     0.001813     -0.000054
RF     0.001980     0.004114     -0.000157
RP     0.001716     0.003981     -0.000591
RS     0.002684     0.005328      0.000040
RT     0.002508     0.004917      0.000098
RW     0.000704     0.001504     -0.000099
RY     0.001804     0.003659     -0.000051
RV     0.003344     0.007326     -0.000668
NA     0.003256     0.006641     -0.000130
NR     0.001936     0.003706      0.000162
NN     0.001936     0.002282     -0.000375
ND     0.002288     0.004577     -0.000001
NC     0.000572     0.001206     -0.000064
NQ     0.001584     0.003148      0.000020
NE     0.002420     0.004906     -0.000066
NG     0.002992     0.006067     -0.000084
NH     0.000880     0.001860     -0.000103
NI     0.002772     0.006393     -0.000911
NL     0.004004     0.008747     -0.000772
NK     0.002332     0.005248     -0.000619
NM     0.000880     0.001835     -0.000077
NF     0.001980     0.004048     -0.000089
NP     0.001716     0.003446     -0.000014
NS     0.002684     0.005998     -0.000666
NT     0.002508     0.005538     -0.000548
NW     0.000704     0.001471     -0.000064
NY     0.001804     0.004210     -0.000650
NV     0.003344     0.007011     -0.000331
DA     0.003848     0.008137     -0.000453
DR     0.002288     0.004522      0.000054
DN     0.002288     0.004577     -0.000001
DD     0.002704     0.002914     -0.000218
DC     0.000676     0.001421     -0.000071
DQ     0.001872     0.003827     -0.000084
DE     0.002860     0.005783     -0.000063
DG     0.003536     0.007353     -0.000287
DH     0.001040     0.002158     -0.000079
DI     0.003276     0.007469     -0.000978
DL     0.004732     0.010612     -0.001215
DK     0.002756     0.005905     -0.000407
DM     0.001040     0.002221     -0.000146
DF     0.002340     0.005085     -0.000422
DP     0.002028     0.004075     -0.000019
DS     0.003172     0.006757     -0.000426
DT     0.002964     0.006181     -0.000258
DW     0.000832     0.001835     -0.000180
DY     0.002132     0.004815     -0.000585
DV     0.003952     0.008752     -0.000892
CA     0.000962     0.001810      0.000111
CR     0.000572     0.001214     -0.000072
CN     0.000572     0.001206     -0.000064
CD     0.000676     0.001421     -0.000071
CC     0.000169     0.000381     -0.000310
CQ     0.000468     0.001032     -0.000101
CE     0.000715     0.001451     -0.000021
CG     0.000884     0.002116     -0.000380
CH     0.000260     0.000538     -0.000018
CI     0.000819     0.001581      0.000056
CL     0.001183     0.002312      0.000053
CK     0.000689     0.001352      0.000026
CM     0.000260     0.000510      0.000010
CF     0.000585     0.001184     -0.000014
CP     0.000507     0.001175     -0.000173
CS     0.000793     0.001622     -0.000036
CT     0.000741     0.001548     -0.000067
CW     0.000208     0.000428     -0.000012
CY     0.000533     0.001109     -0.000044
CV     0.000988     0.002039     -0.000064
QA     0.002664     0.005496     -0.000171
QR     0.001584     0.003234     -0.000067
QN     0.001584     0.003148      0.000020
QD     0.001872     0.003827     -0.000084
QC     0.000468     0.001032     -0.000101
QQ     0.001296     0.001587     -0.000321
QE     0.001980     0.004075     -0.000117
QG     0.002448     0.005124     -0.000233
QH     0.000720     0.001413      0.000027
QI     0.002268     0.004771     -0.000241
QL     0.003276     0.007527     -0.001044
QK     0.001908     0.004172     -0.000372
QM     0.000720     0.001468     -0.000028
QF     0.001620     0.003432     -0.000198
QP     0.001404     0.003054     -0.000256
QS     0.002196     0.004765     -0.000388
QT     0.002052     0.004393     -0.000299
QW     0.000576     0.001189     -0.000038
QY     0.001476     0.003046     -0.000095
QV     0.002736     0.005626     -0.000156
EA     0.004070     0.008581     -0.000453
ER     0.002420     0.005416     -0.000609
EN     0.002420     0.004906     -0.000066
ED     0.002860     0.005783     -0.000063
EC     0.000715     0.001451     -0.000021
EQ     0.001980     0.004075     -0.000117
EE     0.003025     0.003391     -0.000387
EG     0.003740     0.007618     -0.000139
EH     0.001100     0.002345     -0.000150
EI     0.003465     0.007985     -0.001132
EL     0.005005     0.011346     -0.001421
EK     0.002915     0.006539     -0.000750
EM     0.001100     0.002249     -0.000050
EF     0.002475     0.005168     -0.000223
EP     0.002145     0.004514     -0.000230
ES     0.003355     0.006548      0.000160
ET     0.003135     0.006142      0.000127
EW     0.000880     0.001824     -0.000065
EY     0.002255     0.004740     -0.000236
EV     0.004180     0.008978     -0.000640
GA     0.005032     0.011657     -0.001713
GR     0.002992     0.006230     -0.000251
GN     0.002992     0.006067     -0.000084
GD     0.003536     0.007353     -0.000287
GC     0.000884     0.002116     -0.000380
GQ     0.002448     0.005124     -0.000233
GE     0.003740     0.007618     -0.000139
GG     0.004624     0.005276     -0.000696
GH     0.001360     0.003115     -0.000422
GI     0.004284     0.009069     -0.000515
GL     0.006188     0.013434     -0.001102
GK     0.003604     0.007006      0.000199
GM     0.001360     0.002723     -0.000003
GF     0.003060     0.006561     -0.000457
GP     0.002652     0.005637     -0.000343
GS     0.004148     0.009006     -0.000740
GT     0.003876     0.008625     -0.000920
GW     0.001088     0.002417     -0.000254
GY     0.002788     0.006007     -0.000447
GV     0.005168     0.011718     -0.001471
HA     0.001480     0.003115     -0.000159
HR     0.000880     0.001945     -0.000194
HN     0.000880     0.001860     -0.000103
HD     0.001040     0.002158     -0.000079
HC     0.000260     0.000538     -0.000018
HQ     0.000720     0.001413      0.000027
HE     0.001100     0.002345     -0.000150
HG     0.001360     0.003115     -0.000422
HH     0.000400     0.000549     -0.000174
HI     0.001260     0.002698     -0.000184
HL     0.001820     0.004073     -0.000458
HK     0.001060     0.002078      0.000042
HM     0.000400     0.000924     -0.000133
HF     0.000900     0.001885     -0.000087
HP     0.000780     0.001658     -0.000101
HS     0.001220     0.002296      0.000140
HT     0.001140     0.002274      0.000006
HW     0.000320     0.000770     -0.000142
HY     0.000820     0.001650     -0.000010
HV     0.001520     0.003374     -0.000352
IA     0.004662     0.009679     -0.000362
IR     0.002772     0.005756     -0.000216
IN     0.002772     0.006393     -0.000911
ID     0.003276     0.007469     -0.000978
IC     0.000819     0.001581      0.000056
IQ     0.002268     0.004771     -0.000241
IE     0.003465     0.007985     -0.001132
IG     0.004284     0.009069     -0.000515
IH     0.001260     0.002698     -0.000184
II     0.003969     0.004390     -0.000443
IL     0.005733     0.012066     -0.000615
IK     0.003339     0.007756     -0.001161
IM     0.001260     0.002679     -0.000164
IF     0.002835     0.006037     -0.000379
IP     0.002457     0.005066     -0.000154
IS     0.003843     0.008145     -0.000472
IT     0.003591     0.007618     -0.000449
IW     0.001008     0.001926      0.000088
IY     0.002583     0.005386     -0.000225
IV     0.004788     0.010132     -0.000572
LA     0.006734     0.015391     -0.002054
LR     0.004004     0.009158     -0.001229
LN     0.004004     0.008747     -0.000772
LD     0.004732     0.010612     -0.001215
LC     0.001183     0.002312      0.000053
LQ     0.003276     0.007527     -0.001044
LE     0.005005     0.011346     -0.001421
LG     0.006188     0.013434     -0.001102
LH     0.001820     0.004073     -0.000458
LI     0.005733     0.012066     -0.000615
LL     0.008281     0.009481     -0.001283
LK     0.004823     0.010551     -0.000946
LM     0.001820     0.003913     -0.000283
LF     0.004095     0.008413     -0.000226
LP     0.003549     0.007480     -0.000392
LS     0.005551     0.012182     -0.001131
LT     0.005187     0.010728     -0.000360
LW     0.001456     0.002878      0.000034
LY     0.003731     0.007541     -0.000079
LV     0.006916     0.014472     -0.000655
KA     0.003922     0.007861     -0.000017
KR     0.002332     0.004652      0.000012
KN     0.002332     0.005248     -0.000619
KD     0.002756     0.005905     -0.000407
KC     0.000689     0.001352      0.000026
KQ     0.001908     0.004172     -0.000372
KE     0.002915     0.006539     -0.000750
KG     0.003604     0.007006      0.000199
KH     0.001060     0.002078      0.000042
KI     0.003339     0.007756     -0.001161
KL     0.004823     0.010551     -0.000946
KK     0.002809     0.003562     -0.000846
KM     0.001060     0.002229     -0.000112
KF     0.002385     0.005124     -0.000367
KP     0.002067     0.004059      0.000074
KS     0.003233     0.006272      0.000191
KT     0.003021     0.006432     -0.000402
KW     0.000848     0.001509      0.000176
KY     0.002173     0.004649     -0.000313
KV     0.004028     0.008749     -0.000722
MA     0.001480     0.003013     -0.000053
MR     0.000880     0.001813     -0.000054
MN     0.000880     0.001835     -0.000077
MD     0.001040     0.002221     -0.000146
MC     0.000260     0.000510      0.000010
MQ     0.000720     0.001468     -0.000028
ME     0.001100     0.002249     -0.000050
MG     0.001360     0.002723     -0.000003
MH     0.000400     0.000924     -0.000133
MI     0.001260     0.002679     -0.000164
ML     0.001820     0.003913     -0.000283
MK     0.001060     0.002229     -0.000112
MM     0.000400     0.000483     -0.000091
MF     0.000900     0.001909     -0.000112
MP     0.000780     0.001523      0.000037
MS     0.001220     0.002409      0.000031
MT     0.001140     0.002268      0.000012
MW     0.000320     0.000679     -0.000040
MY     0.000820     0.001885     -0.000262
MV     0.001520     0.003121     -0.000082
FA     0.003330     0.007063     -0.000415
FR     0.001980     0.004114     -0.000157
FN     0.001980     0.004048     -0.000089
FD     0.002340     0.005085     -0.000422
FC     0.000585     0.001184     -0.000014
FQ     0.001620     0.003432     -0.000198
FE     0.002475     0.005168     -0.000223
FG     0.003060     0.006561     -0.000457
FH     0.000900     0.001885     -0.000087
FI     0.002835     0.006037     -0.000379
FL     0.004095     0.008413     -0.000226
FK     0.002385     0.005124     -0.000367
FM     0.000900     0.001909     -0.000112
FF     0.002025     0.002318     -0.000313
FP     0.001755     0.003653     -0.000146
FS     0.002745     0.005963     -0.000493
FT     0.002565     0.005196     -0.000066
FW     0.000720     0.001465     -0.000025
FY     0.001845     0.003841     -0.000154
FV     0.003420     0.006812      0.000028
PA     0.002886     0.006341     -0.000596
PR     0.001716     0.003981     -0.000591
PN     0.001716     0.003446     -0.000014
PD     0.002028     0.004075     -0.000019
PC     0.000507     0.001175     -0.000173
PQ     0.001404     0.003054     -0.000256
PE     0.002145     0.004514     -0.000230
PG     0.002652     0.005637     -0.000343
PH     0.000780     0.001658     -0.000101
PI     0.002457     0.005066     -0.000154
PL     0.003549     0.007480     -0.000392
PK     0.002067     0.004059      0.000074
PM     0.000780     0.001523      0.000037
PF     0.001755     0.003653     -0.000146
PP     0.001521     0.001504      0.000017
PS     0.002379     0.005041     -0.000291
PT     0.002223     0.004624     -0.000182
PW     0.000624     0.001300     -0.000053
PY     0.001599     0.003289     -0.000092
PV     0.002964     0.006346     -0.000432
SA     0.004514     0.009635     -0.000627
SR     0.002684     0.005328      0.000040
SN     0.002684     0.005998     -0.000666
SD     0.003172     0.006757     -0.000426
SC     0.000793     0.001622     -0.000036
SQ     0.002196     0.004765     -0.000388
SE     0.003355     0.006548      0.000160
SG     0.004148     0.009006     -0.000740
SH     0.001220     0.002296      0.000140
SI     0.003843     0.008145     -0.000472
SL     0.005551     0.012182     -0.001131
SK     0.003233     0.006272      0.000191
SM     0.001220     0.002409      0.000031
SF     0.002745     0.005963     -0.000493
SP     0.002379     0.005041     -0.000291
SS     0.003721     0.004241     -0.000555
ST     0.003477     0.007795     -0.000890
SW     0.000976     0.002105     -0.000159
SY     0.002501     0.005471     -0.000490
SV     0.004636     0.009985     -0.000740
TA     0.004218     0.009022     -0.000606
TR     0.002508     0.004917      0.000098
TN     0.002508     0.005538     -0.000548
TD     0.002964     0.006181     -0.000258
TC     0.000741     0.001548     -0.000067
TQ     0.002052     0.004393     -0.000299
TE     0.003135     0.006142      0.000127
TG     0.003876     0.008625     -0.000920
TH     0.001140     0.002274      0.000006
TI     0.003591     0.007618     -0.000449
TL     0.005187     0.010728     -0.000360
TK     0.003021     0.006432     -0.000402
TM     0.001140     0.002268      0.000012
TF     0.002565     0.005196     -0.000066
TP     0.002223     0.004624     -0.000182
TS     0.003477     0.007795     -0.000890
TT     0.003249     0.003786     -0.000579
TW     0.000912     0.001832     -0.000008
TY     0.002337     0.005058     -0.000399
TV     0.004332     0.009235     -0.000589
WA     0.001184     0.002434     -0.000067
WR     0.000704     0.001504     -0.000099
WN     0.000704     0.001471     -0.000064
WD     0.000832     0.001835     -0.000180
WC     0.000208     0.000428     -0.000012
WQ     0.000576     0.001189     -0.000038
WE     0.000880     0.001824     -0.000065
WG     0.001088     0.002417     -0.000254
WH     0.000320     0.000770     -0.000142
WI     0.001008     0.001926      0.000088
WL     0.001456     0.002878      0.000034
WK     0.000848     0.001509      0.000176
WM     0.000320     0.000679     -0.000040
WF     0.000720     0.001465     -0.000025
WP     0.000624     0.001300     -0.000053
WS     0.000976     0.002105     -0.000159
WT     0.000912     0.001832     -0.000008
WW     0.000256     0.000428     -0.000220
WY     0.000656     0.001471     -0.000168
WV     0.001216     0.002445     -0.000013
YA     0.003034     0.006183     -0.000116
YR     0.001804     0.003659     -0.000051
YN     0.001804     0.004210     -0.000650
YD     0.002132     0.004815     -0.000585
YC     0.000533     0.001109     -0.000044
YQ     0.001476     0.003046     -0.000095
YE     0.002255     0.004740     -0.000236
YG     0.002788     0.006007     -0.000447
YH     0.000820     0.001650     -0.000010
YI     0.002583     0.005386     -0.000225
YL     0.003731     0.007541     -0.000079
YK     0.002173     0.004649     -0.000313
YM     0.000820     0.001885     -0.000262
YF     0.001845     0.003841     -0.000154
YP     0.001599     0.003289     -0.000092
YS     0.002501     0.005471     -0.000490
YT     0.002337     0.005058     -0.000399
YW     0.000656     0.001471     -0.000168
YY     0.001681     0.001923     -0.000259
YV     0.003116     0.006456     -0.000228
VA     0.005624     0.012452     -0.001266
VR     0.003344     0.007326     -0.000668
VN     0.003344     0.007011     -0.000331
VD     0.003952     0.008752     -0.000892
VC     0.000988     0.002039     -0.000064
VQ     0.002736     0.005626     -0.000156
VE     0.004180     0.008978     -0.000640
VG     0.005168     0.011718     -0.001471
VH     0.001520     0.003374     -0.000352
VI     0.004788     0.010132     -0.000572
VL     0.006916     0.014472     -0.000655
VK     0.004028     0.008749     -0.000722
VM     0.001520     0.003121     -0.000082
VF     0.003420     0.006812      0.000028
VP     0.002964     0.006346     -0.000432
VS     0.004636     0.009985     -0.000740
VT     0.004332     0.009235     -0.000589
VW     0.001216     0.002445     -0.000013
VY     0.003116     0.006456     -0.000228
VV     0.005776     0.006222     -0.000463
