AA     0.005184     0.005724     -0.000567
AR     0.002952     0.005848      0.000056
AN     0.003024     0.005879      0.000167
AD     0.003312     0.006730     -0.000107
AC     0.001224     0.002499     -0.000052
AQ     0.002304     0.004905     -0.000306
AE     0.003384     0.006398      0.000360
AG     0.005256     0.012837     -0.002565
AH     0.001440     0.002872      0.000008
AI     0.004752     0.010515     -0.001063
AL     0.006912     0.016913     -0.003411
AK     0.003384     0.006668      0.000099
AM     0.001440     0.003287     -0.000434
AF     0.003168     0.006315      0.000021
AP     0.003384     0.006968     -0.000203
AS     0.004320     0.008959     -0.000325
AT     0.004104     0.008679     -0.000484
AW     0.001080     0.002375     -0.000225
AY     0.002952     0.005952     -0.000048
AV     0.005760     0.014320     -0.003116
RA     0.002952     0.005848      0.000056
RR     0.001681     0.001784     -0.000106
RN     0.001722     0.003297      0.000144
RD     0.001886     0.005008     -0.001419
RC     0.000697     0.001462     -0.000070
RQ     0.001312     0.003059     -0.000469
RE     0.001927     0.005320     -0.001715
RG     0.002993     0.007020     -0.001119
RH     0.000820     0.001763     -0.000128
RI     0.002706     0.004635      0.000718
RL     0.003936     0.007881     -0.000009
RK     0.001927     0.003484      0.000352
RM     0.000820     0.001638      0.000002
RF     0.001804     0.003474      0.000131
RP     0.001927     0.004241     -0.000406
RS     0.002460     0.005454     -0.000562
RT     0.002337     0.004925     -0.000258
RW     0.000615     0.001587     -0.000404
RY     0.001681     0.003557     -0.000201
RV     0.003280     0.005942      0.000588
NA     0.003024     0.005879      0.000167
NR     0.001722     0.003297      0.000144
NN     0.001764     0.002240     -0.000535
ND     0.001932     0.004905     -0.001170
NC     0.000714     0.001742     -0.000346
NQ     0.001344     0.003121     -0.000466
NE     0.001974     0.004117     -0.000173
NG     0.003066     0.007113     -0.001056
NH     0.000840     0.001960     -0.000302
NI     0.002772     0.005164      0.000367
NL     0.004032     0.007248      0.000773
NK     0.001974     0.004894     -0.001051
NM     0.000840     0.001576      0.000101
NF     0.001848     0.003712     -0.000016
NP     0.001974     0.004065     -0.000119
NS     0.002520     0.006325     -0.001436
NT     0.002394     0.005962     -0.001307
NW     0.000630     0.001307     -0.000048
NY     0.001722     0.003982     -0.000578
NV     0.003360     0.005900      0.000768
DA     0.003312     0.006730     -0.000107
DR     0.001886     0.005008     -0.001419
DN     0.001932     0.004905     -0.001170
DD     0.002116     0.002157     -0.000041
DC     0.000782     0.001607     -0.000044
DQ     0.001472     0.002893      0.000051
DE     0.002162     0.004200      0.000122
DG     0.003358     0.007725     -0.001081
DH     0.000920     0.002271     -0.000478
DI     0.003036     0.005371      0.000659
DL     0.004416     0.008213      0.000597
DK     0.002162     0.005859     -0.001780
DM     0.000920     0.001690      0.000144
DF     0.002024     0.004065     -0.000017
DP     0.002162     0.004770     -0.000468
DS     0.002760     0.006118     -0.000629
DT     0.002622     0.005724     -0.000501
DW     0.000690     0.001504     -0.000129
DY     0.001886     0.003930     -0.000161
DV     0.003680     0.006502      0.000806
CA     0.001224     0.002499     -0.000052
CR     0.000697     0.001462     -0.000070
CN     0.000714     0.001742     -0.000346
CD     0.000782     0.001607     -0.000044
CC     0.000289     0.000715     -0.000648
CQ     0.000544     0.001182     -0.000098
CE     0.000799     0.001472      0.000121
CG     0.001241     0.003080     -0.000665
CH     0.000340     0.000747     -0.000070
CI     0.001122     0.002022      0.000211
CL     0.001632     0.003090      0.000169
CK     0.000799     0.001535      0.000062
CM     0.000340     0.000581      0.000091
CF     0.000748     0.001493      0.000003
CP     0.000799     0.001493      0.000101
CS     0.001020     0.002489     -0.000495
CT     0.000969     0.002261     -0.000349
CW     0.000255     0.000404      0.000094
CY     0.000697     0.001680     -0.000314
CV     0.001360     0.002572      0.000144
QA     0.002304     0.004905     -0.000306
QR     0.001312     0.003059     -0.000469
QN     0.001344     0.003121     -0.000466
QD     0.001472     0.002893      0.000051
QC     0.000544     0.001182     -0.000098
QQ     0.001024     0.001607     -0.000724
QE     0.001504     0.002810      0.000191
QG     0.002336     0.005216     -0.000575
QH     0.000640     0.001286     -0.000006
QI     0.002112     0.004075      0.000146
QL     0.003072     0.006139      0.000005
QK     0.001504     0.003173     -0.000169
QM     0.000640     0.001161      0.000113
QF     0.001408     0.002727      0.000088
QP     0.001504     0.003443     -0.000465
QS     0.001920     0.004832     -0.001110
QT     0.001824     0.003640      0.000008
QW     0.000480     0.001089     -0.000137
QY     0.001312     0.002447      0.000171
QV     0.002560     0.004376      0.000687
EA     0.003384     0.006398      0.000360
ER     0.001927     0.005320     -0.001715
EN     0.001974     0.004117     -0.000173
ED     0.002162     0.004200      0.000122
EC     0.000799     0.001472      0.000121
EQ     0.001504     0.002810      0.000191
EE     0.002209     0.002509     -0.000320
EG     0.003431     0.007435     -0.000596
EH     0.000940     0.002406     -0.000594
EI     0.003102     0.005859      0.000335
EL     0.004512     0.009187     -0.000164
EK     0.002209     0.006678     -0.002759
EM     0.000940     0.001835      0.000044
EF     0.002068     0.003806      0.000316
EP     0.002209     0.004988     -0.000605
ES     0.002820     0.006232     -0.000622
ET     0.002679     0.005434     -0.000077
EW     0.000705     0.001307      0.000099
EY     0.001927     0.004179     -0.000338
EV     0.003760     0.007145      0.000365
GA     0.005256     0.012837     -0.002565
GR     0.002993     0.007020     -0.001119
GN     0.003066     0.007113     -0.001056
GD     0.003358     0.007725     -0.001081
GC     0.001241     0.003080     -0.000665
GQ     0.002336     0.005216     -0.000575
GE     0.003431     0.007435     -0.000596
GG     0.005329     0.007622     -0.002728
GH     0.001460     0.003152     -0.000241
GI     0.004818     0.008461      0.001100
GL     0.007008     0.013138      0.000850
GK     0.003431     0.007808     -0.001008
GM     0.001460     0.002945     -0.000025
GF     0.003212     0.006533     -0.000110
GP     0.003431     0.006948     -0.000087
GS     0.004380     0.010380     -0.001761
GT     0.004161     0.009395     -0.001139
GW     0.001095     0.002779     -0.000662
GY     0.002993     0.006232     -0.000251
GV     0.005840     0.010525      0.001096
HA     0.001440     0.002872      0.000008
HR     0.000820     0.001763     -0.000128
HN     0.000840     0.001960     -0.000302
HD     0.000920     0.002271     -0.000478
HC     0.000340     0.000747     -0.000070
HQ     0.000640     0.001286     -0.000006
HE     0.000940     0.002406     -0.000594
HG     0.001460     0.003152     -0.000241
HH     0.000400     0.000715     -0.000415
HI     0.001320     0.002655     -0.000015
HL     0.001920     0.003743      0.000096
HK     0.000940     0.001472      0.000360
HM     0.000400     0.000778      0.000022
HF     0.000880     0.001929     -0.000177
HP     0.000940     0.002053     -0.000181
HS     0.001200     0.002634     -0.000245
HT     0.001140     0.002364     -0.000086
HW     0.000300     0.000788     -0.000215
HY     0.000820     0.001752     -0.000116
HV     0.001600     0.002800      0.000374
IA     0.004752     0.010515     -0.001063
IR     0.002706     0.004635      0.000718
IN     0.002772     0.005164      0.000367
ID     0.003036     0.005371      0.000659
IC     0.001122     0.002022      0.000211
IQ     0.002112     0.004075      0.000146
IE     0.003102     0.005859      0.000335
IG     0.004818     0.008461      0.001100
IH     0.001320     0.002655     -0.000015
II     0.004356     0.006813     -0.003047
IL     0.006336     0.016332     -0.004144
IK     0.003102     0.006419     -0.000219
IM     0.001320     0.002924     -0.000299
IF     0.002904     0.006771     -0.001039
IP     0.003102     0.005682      0.000499
IS     0.003960     0.007196      0.000690
IT     0.003762     0.007725     -0.000204
IW     0.000990     0.001618      0.000327
IY     0.002706     0.006211     -0.000855
IV     0.005280     0.015730     -0.006268
LA     0.006912     0.016913     -0.003411
LR     0.003936     0.007881     -0.000009
LN     0.004032     0.007248      0.000773
LD     0.004416     0.008213      0.000597
LC     0.001632     0.003090      0.000169
LQ     0.003072     0.006139      0.000005
LE     0.004512     0.009187     -0.000164
LG     0.007008     0.013138      0.000850
LH     0.001920     0.003743      0.000096
LI     0.006336     0.016332     -0.004144
LL     0.009216     0.014009     -0.005866
LK     0.004512     0.008959      0.000065
LM     0.001920     0.003961     -0.000123
LF     0.004224     0.009892     -0.001561
LP     0.004512     0.009208     -0.000186
LS     0.005760     0.011510      0.000010
LT     0.005472     0.010846      0.000098
LW     0.001440     0.003339     -0.000494
LY     0.003936     0.008026     -0.000155
LV     0.007680     0.020677     -0.006146
KA     0.003384     0.006668      0.000099
KR     0.001927     0.003484      0.000352
KN     0.001974     0.004894     -0.001051
KD     0.002162     0.005859     -0.001780
KC     0.000799     0.001535      0.000062
KQ     0.001504     0.003173     -0.000169
KE     0.002209     0.006678     -0.002759
KG     0.003431     0.007808     -0.001008
KH     0.000940     0.001472      0.000360
KI     0.003102     0.006419     -0.000219
KL     0.004512     0.008959      0.000065
KK     0.002209     0.002644     -0.000475
KM     0.000940     0.001618      0.000243
KF     0.002068     0.004179     -0.000043
KP     0.002209     0.004604     -0.000190
KS     0.002820     0.006045     -0.000419
KT     0.002679     0.005392     -0.000034
KW     0.000705     0.001224      0.000173
KY     0.001927     0.004065     -0.000217
KV     0.003760     0.007393      0.000126
MA     0.001440     0.003287     -0.000434
MR     0.000820     0.001638      0.000002
MN     0.000840     0.001576      0.000101
MD     0.000920     0.001690      0.000144
MC     0.000340     0.000581      0.000091
MQ     0.000640     0.001161      0.000113
ME     0.000940     0.001835      0.000044
MG     0.001460     0.002945     -0.000025
MH     0.000400     0.000778      0.000022
MI     0.001320     0.002924     -0.000299
ML     0.001920     0.003961     -0.000123
MK     0.000940     0.001618      0.000243
MM     0.000400     0.000622     -0.000275
MF     0.000880     0.001991     -0.000246
MP     0.000940     0.001835      0.000044
MS     0.001200     0.002240      0.000155
MT     0.001140     0.002095      0.000177
MW     0.000300     0.000726     -0.000138
MY     0.000820     0.001898     -0.000277
MV     0.001600     0.003660     -0.000492
FA     0.003168     0.006315      0.000021
FR     0.001804     0.003474      0.000131
FN     0.001848     0.003712     -0.000016
FD     0.002024     0.004065     -0.000017
FC     0.000748     0.001493      0.000003
FQ     0.001408     0.002727      0.000088
FE     0.002068     0.003806      0.000316
FG     0.003212     0.006533     -0.000110
FH     0.000880     0.001929     -0.000177
FI     0.002904     0.006771     -0.001039
FL     0.004224     0.009892     -0.001561
FK     0.002068     0.004179     -0.000043
FM     0.000880     0.001991     -0.000246
FF     0.001936     0.002426     -0.000547
FP     0.002068     0.004200     -0.000064
FS     0.002640     0.005496     -0.000220
FT     0.002508     0.004604      0.000395
FW     0.000660     0.001721     -0.000457
FY     0.001804     0.003940     -0.000347
FV     0.003520     0.007819     -0.000821
PA     0.003384     0.006968     -0.000203
PR     0.001927     0.004241     -0.000406
PN     0.001974     0.004065     -0.000119
PD     0.002162     0.004770     -0.000468
PC     0.000799     0.001493      0.000101
PQ     0.001504     0.003443     -0.000465
PE     0.002209     0.004988     -0.000605
PG     0.003431     0.006948     -0.000087
PH     0.000940     0.002053     -0.000181
PI     0.003102     0.005682      0.000499
PL     0.004512     0.009208     -0.000186
PK     0.002209     0.004604     -0.000190
PM     0.000940     0.001835      0.000044
PF     0.002068     0.004200     -0.000064
PP     0.002209     0.002935     -0.000834
PS     0.002820     0.006802     -0.001274
PT     0.002679     0.006004     -0.000683
PW     0.000705     0.001628     -0.000234
PY     0.001927     0.004023     -0.000173
PV     0.003760     0.007673     -0.000155
SA     0.004320     0.008959     -0.000325
SR     0.002460     0.005454     -0.000562
SN     0.002520     0.006325     -0.001436
SD     0.002760     0.006118     -0.000629
SC     0.001020     0.002489     -0.000495
SQ     0.001920     0.004832     -0.001110
SE     0.002820     0.006232     -0.000622
SG     0.004380     0.010380     -0.001761
SH     0.001200     0.002634     -0.000245
SI     0.003960     0.007196      0.000690
SL     0.005760     0.011510      0.000010
SK     0.002820     0.006045     -0.000419
SM     0.001200     0.002240      0.000155
SF     0.002640     0.005496     -0.000220
SP     0.002820     0.006802     -0.001274
SS     0.003600     0.004583     -0.001106
ST     0.003420     0.008026     -0.001283
SW     0.000900     0.001929     -0.000134
SY     0.002460     0.004739      0.000178
SV     0.004800     0.008254      0.001247
TA     0.004104     0.008679     -0.000484
TR     0.002337     0.004925     -0.000258
TN     0.002394     0.005962     -0.001307
TD     0.002622     0.005724     -0.000501
TC     0.000969     0.002261     -0.000349
TQ     0.001824     0.003640      0.000008
TE     0.002679     0.005434     -0.000077
TG     0.004161     0.009395     -0.001139
TH     0.001140     0.002364     -0.000086
TI     0.003762     0.007725     -0.000204
TL     0.005472     0.010846      0.000098
TK     0.002679     0.005392     -0.000034
TM     0.001140     0.002095      0.000177
TF     0.002508     0.004604      0.000395
TP     0.002679     0.006004     -0.000683
TS     0.003420     0.008026     -0.001283
TT     0.003249     0.004355     -0.001276
TW     0.000855     0.001784     -0.000076
TY     0.002337     0.004397      0.000269
TV     0.004560     0.009944     -0.000860
WA     0.001080     0.002375     -0.000225
WR     0.000615     0.001587     -0.000404
WN     0.000630     0.001307     -0.000048
WD     0.000690     0.001504     -0.000129
WC     0.000255     0.000404      0.000094
WQ     0.000480     0.001089     -0.000137
WE     0.000705     0.001307      0.000099
WG     0.001095     0.002779     -0.000662
WH     0.000300     0.000788     -0.000215
WI     0.000990     0.001618      0.000327
WL     0.001440     0.003339     -0.000494
WK     0.000705     0.001224      0.000173
WM     0.000300     0.000726     -0.000138
WF     0.000660     0.001721     -0.000457
WP     0.000705     0.001628     -0.000234
WS     0.000900     0.001929     -0.000134
WT     0.000855     0.001784     -0.000076
WW     0.000225     0.000311     -0.000101
WY     0.000615     0.001369     -0.000147
WV     0.001200     0.002012      0.000355
YA     0.002952     0.005952     -0.000048
YR     0.001681     0.003557     -0.000201
YN     0.001722     0.003982     -0.000578
YD     0.001886     0.003930     -0.000161
YC     0.000697     0.001680     -0.000314
YQ     0.001312     0.002447      0.000171
YE     0.001927     0.004179     -0.000338
YG     0.002993     0.006232     -0.000251
YH     0.000820     0.001752     -0.000116
YI     0.002706     0.006211     -0.000855
YL     0.003936     0.008026     -0.000155
YK     0.001927     0.004065     -0.000217
YM     0.000820     0.001898     -0.000277
YF     0.001804     0.003940     -0.000347
YP     0.001927     0.004023     -0.000173
YS     0.002460     0.004739      0.000178
YT     0.002337     0.004397      0.000269
YW     0.000615     0.001369     -0.000147
YY     0.001681     0.002012     -0.000362
YV     0.003280     0.006626     -0.000066
VA     0.005760     0.014320     -0.003116
VR     0.003280     0.005942      0.000588
VN     0.003360     0.005900      0.000768
VD     0.003680     0.006502      0.000806
VC     0.001360     0.002572      0.000144
VQ     0.002560     0.004376      0.000687
VE     0.003760     0.007145      0.000365
VG     0.005840     0.010525      0.001096
VH     0.001600     0.002800      0.000374
VI     0.005280     0.015730     -0.006268
VL     0.007680     0.020677     -0.006146
VK     0.003760     0.007393      0.000126
VM     0.001600     0.003660     -0.000492
VF     0.003520     0.007819     -0.000821
VP     0.003760     0.007673     -0.000155
VS     0.004800     0.008254      0.001247
VT     0.004560     0.009944     -0.000860
VW     0.001200     0.002012      0.000355
VY     0.003280     0.006626     -0.000066
VV     0.006400     0.010764     -0.005596
