AA     0.006889     0.008991     -0.002394
AR     0.003818     0.008882     -0.001343
AN     0.003818     0.007323      0.000306
AD     0.004482     0.009065     -0.000102
AC     0.001328     0.002477      0.000173
AQ     0.003237     0.007241     -0.000811
AE     0.004980     0.010672     -0.000737
AG     0.005312     0.011359     -0.000760
AH     0.001660     0.003451     -0.000134
AI     0.004731     0.010951     -0.001600
AL     0.007553     0.018505     -0.003756
AK     0.004731     0.009215      0.000244
AM     0.001577     0.003566     -0.000438
AF     0.003403     0.006942     -0.000137
AP     0.002407     0.005241     -0.000445
AS     0.005146     0.009896      0.000388
AT     0.004565     0.009351     -0.000224
AW     0.001245     0.002484      0.000006
AY     0.003320     0.006398      0.000238
AV     0.005893     0.013802     -0.002179
RA     0.003818     0.008882     -0.001343
RR     0.002116     0.002219     -0.000105
RN     0.002116     0.003607      0.000576
RD     0.002484     0.005744     -0.000834
RC     0.000736     0.001443      0.000029
RQ     0.001794     0.003743     -0.000158
RE     0.002760     0.007269     -0.002001
RG     0.002944     0.006384     -0.000516
RH     0.000920     0.001817      0.000023
RI     0.002622     0.005588     -0.000355
RL     0.004186     0.010086     -0.001879
RK     0.002622     0.004512      0.000678
RM     0.000874     0.001987     -0.000255
RF     0.001886     0.004322     -0.000588
RP     0.001334     0.002389      0.000264
RS     0.002852     0.005492      0.000208
RT     0.002530     0.004669      0.000375
RW     0.000690     0.001770     -0.000441
RY     0.001840     0.003845     -0.000169
RV     0.003266     0.007119     -0.000613
NA     0.003818     0.007323      0.000306
NR     0.002116     0.003607      0.000576
NN     0.002116     0.003049     -0.001114
ND     0.002484     0.006500     -0.001747
NC     0.000736     0.001640     -0.000177
NQ     0.001794     0.004009     -0.000445
NE     0.002760     0.005057      0.000443
NG     0.002944     0.006643     -0.000801
NH     0.000920     0.001912     -0.000073
NI     0.002622     0.005452     -0.000212
NL     0.004186     0.008643     -0.000275
NK     0.002622     0.005628     -0.000398
NM     0.000874     0.001735      0.000013
NF     0.001886     0.003975     -0.000208
NP     0.001334     0.002620      0.000048
NS     0.002852     0.006922     -0.001340
NT     0.002530     0.005914     -0.000922
NW     0.000690     0.001490     -0.000114
NY     0.001840     0.003920     -0.000248
NV     0.003266     0.005860      0.000636
DA     0.004482     0.009065     -0.000102
DR     0.002484     0.005744     -0.000834
DN     0.002484     0.006500     -0.001747
DD     0.002916     0.003185     -0.000281
DC     0.000864     0.001388      0.000304
DQ     0.002106     0.004090      0.000120
DE     0.003240     0.005309      0.001058
DG     0.003456     0.007772     -0.000911
DH     0.001080     0.002348     -0.000196
DI     0.003078     0.005989      0.000165
DL     0.004914     0.010352     -0.000538
DK     0.003078     0.008337     -0.002528
DM     0.001026     0.002083     -0.000031
DF     0.002214     0.004478     -0.000050
DP     0.001566     0.002947      0.000179
DS     0.003348     0.008296     -0.001778
DT     0.002970     0.006908     -0.001043
DW     0.000810     0.001470      0.000143
DY     0.002160     0.004424     -0.000105
DV     0.003834     0.007827     -0.000161
CA     0.001328     0.002477      0.000173
CR     0.000736     0.001443      0.000029
CN     0.000736     0.001640     -0.000177
CD     0.000864     0.001388      0.000304
CC     0.000256     0.002083     -0.004367
CQ     0.000624     0.001103      0.000136
CE     0.000960     0.001422      0.000427
CG     0.001024     0.002409     -0.000391
CH     0.000320     0.000776     -0.000150
CI     0.000912     0.001361      0.000399
CL     0.001456     0.002525      0.000360
CK     0.000912     0.001497      0.000296
CM     0.000304     0.000660     -0.000054
CF     0.000656     0.001341     -0.000029
CP     0.000464     0.001028     -0.000105
CS     0.000992     0.002416     -0.000476
CT     0.000880     0.001831     -0.000072
CW     0.000240     0.000436      0.000042
CY     0.000640     0.001286     -0.000006
CV     0.001136     0.001940      0.000306
QA     0.003237     0.007241     -0.000811
QR     0.001794     0.003743     -0.000158
QN     0.001794     0.004009     -0.000445
QD     0.002106     0.004090      0.000120
QC     0.000624     0.001103      0.000136
QQ     0.001521     0.001906     -0.000430
QE     0.002340     0.004648      0.000032
QG     0.002496     0.004444      0.000517
QH     0.000780     0.001613     -0.000054
QI     0.002223     0.004471     -0.000025
QL     0.003549     0.008630     -0.001687
QK     0.002223     0.004750     -0.000314
QM     0.000741     0.001627     -0.000152
QF     0.001599     0.003628     -0.000458
QP     0.001131     0.002239      0.000023
QS     0.002418     0.004750      0.000085
QT     0.002145     0.004519     -0.000235
QW     0.000585     0.001252     -0.000085
QY     0.001560     0.003172     -0.000052
QV     0.002769     0.006016     -0.000498
EA     0.004980     0.010672     -0.000737
ER     0.002760     0.007269     -0.002001
EN     0.002760     0.005057      0.000443
ED     0.003240     0.005309      0.001058
EC     0.000960     0.001422      0.000427
EQ     0.002340     0.004648      0.000032
EE     0.003600     0.003798     -0.000203
EG     0.003840     0.007133      0.000527
EH     0.001200     0.002348      0.000051
EI     0.003420     0.007534     -0.000728
EL     0.005460     0.013319     -0.002645
EK     0.003420     0.009304     -0.002862
EM     0.001140     0.002661     -0.000411
EF     0.002460     0.005472     -0.000582
EP     0.001740     0.003519     -0.000039
ES     0.003720     0.007486     -0.000046
ET     0.003300     0.006643     -0.000043
EW     0.000900     0.001647      0.000146
EY     0.002400     0.004723      0.000076
EV     0.004260     0.009453     -0.000982
GA     0.005312     0.011359     -0.000760
GR     0.002944     0.006384     -0.000516
GN     0.002944     0.006643     -0.000801
GD     0.003456     0.007772     -0.000911
GC     0.001024     0.002409     -0.000391
GQ     0.002496     0.004444      0.000517
GE     0.003840     0.007133      0.000527
GG     0.004096     0.005241     -0.001292
GH     0.001280     0.002613     -0.000054
GI     0.003648     0.008051     -0.000793
GL     0.005824     0.011345      0.000299
GK     0.003648     0.006949      0.000339
GM     0.001216     0.002294      0.000134
GF     0.002624     0.005567     -0.000329
GP     0.001856     0.004832     -0.001274
GS     0.003968     0.009331     -0.001511
GT     0.003520     0.008541     -0.001651
GW     0.000960     0.002049     -0.000133
GY     0.002560     0.005227     -0.000108
GV     0.004544     0.010488     -0.001503
HA     0.001660     0.003451     -0.000134
HR     0.000920     0.001817      0.000023
HN     0.000920     0.001912     -0.000073
HD     0.001080     0.002348     -0.000196
HC     0.000320     0.000776     -0.000150
HQ     0.000780     0.001613     -0.000054
HE     0.001200     0.002348      0.000051
HG     0.001280     0.002613     -0.000054
HH     0.000400     0.000728     -0.000436
HI     0.001140     0.002430     -0.000155
HL     0.001820     0.003907     -0.000277
HK     0.001140     0.001919      0.000331
HM     0.000380     0.000830     -0.000073
HF     0.000820     0.001742     -0.000105
HP     0.000580     0.001300     -0.000148
HS     0.001240     0.002450      0.000030
HT     0.001100     0.002185      0.000015
HW     0.000300     0.000817     -0.000252
HY     0.000800     0.001579      0.000021
HV     0.001420     0.003076     -0.000246
IA     0.004731     0.010951     -0.001600
IR     0.002622     0.005588     -0.000355
IN     0.002622     0.005452     -0.000212
ID     0.003078     0.005989      0.000165
IC     0.000912     0.001361      0.000399
IQ     0.002223     0.004471     -0.000025
IE     0.003420     0.007534     -0.000728
IG     0.003648     0.008051     -0.000793
IH     0.001140     0.002430     -0.000155
II     0.003249     0.003736     -0.000522
IL     0.005187     0.010535     -0.000162
IK     0.003249     0.007949     -0.001602
IM     0.001083     0.002273     -0.000110
IF     0.002337     0.004859     -0.000189
IP     0.001653     0.003124      0.000177
IS     0.003534     0.007160     -0.000093
IT     0.003135     0.006275     -0.000005
IW     0.000855     0.001735     -0.000025
IY     0.002280     0.005009     -0.000470
IV     0.004047     0.008902     -0.000847
LA     0.007553     0.018505     -0.003756
LR     0.004186     0.010086     -0.001879
LN     0.004186     0.008643     -0.000275
LD     0.004914     0.010352     -0.000538
LC     0.001456     0.002525      0.000360
LQ     0.003549     0.008630     -0.001687
LE     0.005460     0.013319     -0.002645
LG     0.005824     0.011345      0.000299
LH     0.001820     0.003907     -0.000277
LI     0.005187     0.010535     -0.000162
LL     0.008281     0.009821     -0.001675
LK     0.005187     0.012183     -0.001958
LM     0.001729     0.003668     -0.000216
LF     0.003731     0.007486     -0.000024
LP     0.002639     0.005254      0.000024
LS     0.005642     0.012012     -0.000751
LT     0.005005     0.009937      0.000073
LW     0.001365     0.002695      0.000035
LY     0.003640     0.007595     -0.000322
LV     0.006461     0.013408     -0.000495
KA     0.004731     0.009215      0.000244
KR     0.002622     0.004512      0.000678
KN     0.002622     0.005628     -0.000398
KD     0.003078     0.008337     -0.002528
KC     0.000912     0.001497      0.000296
KQ     0.002223     0.004750     -0.000314
KE     0.003420     0.009304     -0.002862
KG     0.003648     0.006949      0.000339
KH     0.001140     0.001919      0.000331
KI     0.003249     0.007949     -0.001602
KL     0.005187     0.012183     -0.001958
KK     0.003249     0.003559     -0.000324
KM     0.001083     0.002260     -0.000096
KF     0.002337     0.005377     -0.000753
KP     0.001653     0.002872      0.000404
KS     0.003534     0.006275      0.000747
KT     0.003135     0.006282     -0.000012
KW     0.000855     0.001572      0.000132
KY     0.002280     0.005070     -0.000538
KV     0.004047     0.008215     -0.000122
MA     0.001577     0.003566     -0.000438
MR     0.000874     0.001987     -0.000255
MN     0.000874     0.001735      0.000013
MD     0.001026     0.002083     -0.000031
MC     0.000304     0.000660     -0.000054
MQ     0.000741     0.001627     -0.000152
ME     0.001140     0.002661     -0.000411
MG     0.001216     0.002294      0.000134
MH     0.000380     0.000830     -0.000073
MI     0.001083     0.002273     -0.000110
ML     0.001729     0.003668     -0.000216
MK     0.001083     0.002260     -0.000096
MM     0.000361     0.000422     -0.000066
MF     0.000779     0.001661     -0.000106
MP     0.000551     0.000973      0.000121
MS     0.001178     0.002294      0.000061
MT     0.001045     0.001946      0.000139
MW     0.000285     0.000565      0.000005
MY     0.000760     0.001776     -0.000276
MV     0.001349     0.002940     -0.000253
FA     0.003403     0.006942     -0.000137
FR     0.001886     0.004322     -0.000588
FN     0.001886     0.003975     -0.000208
FD     0.002214     0.004478     -0.000050
FC     0.000656     0.001341     -0.000029
FQ     0.001599     0.003628     -0.000458
FE     0.002460     0.005472     -0.000582
FG     0.002624     0.005567     -0.000329
FH     0.000820     0.001742     -0.000105
FI     0.002337     0.004859     -0.000189
FL     0.003731     0.007486     -0.000024
FK     0.002337     0.005377     -0.000753
FM     0.000779     0.001661     -0.000106
FF     0.001681     0.001790     -0.000112
FP     0.001189     0.002593     -0.000224
FS     0.002542     0.005622     -0.000566
FT     0.002255     0.004560     -0.000050
FW     0.000615     0.001171      0.000058
FY     0.001640     0.003961     -0.000747
FV     0.002911     0.006323     -0.000522
PA     0.002407     0.005241     -0.000445
PR     0.001334     0.002389      0.000264
PN     0.001334     0.002620      0.000048
PD     0.001566     0.002947      0.000179
PC     0.000464     0.001028     -0.000105
PQ     0.001131     0.002239      0.000023
PE     0.001740     0.003519     -0.000039
PG     0.001856     0.004832     -0.001274
PH     0.000580     0.001300     -0.000148
PI     0.001653     0.003124      0.000177
PL     0.002639     0.005254      0.000024
PK     0.001653     0.002872      0.000404
PM     0.000551     0.000973      0.000121
PF     0.001189     0.002593     -0.000224
PP     0.000841     0.001000     -0.000173
PS     0.001798     0.004022     -0.000450
PT     0.001595     0.003668     -0.000512
PW     0.000435     0.000987     -0.000125
PY     0.001160     0.002729     -0.000443
PV     0.002059     0.004376     -0.000266
SA     0.005146     0.009896      0.000388
SR     0.002852     0.005492      0.000208
SN     0.002852     0.006922     -0.001340
SD     0.003348     0.008296     -0.001778
SC     0.000992     0.002416     -0.000476
SQ     0.002418     0.004750      0.000085
SE     0.003720     0.007486     -0.000046
SG     0.003968     0.009331     -0.001511
SH     0.001240     0.002450      0.000030
SI     0.003534     0.007160     -0.000093
SL     0.005642     0.012012     -0.000751
SK     0.003534     0.006275      0.000747
SM     0.001178     0.002294      0.000061
SF     0.002542     0.005622     -0.000566
SP     0.001798     0.004022     -0.000450
SS     0.003844     0.004723     -0.000973
ST     0.003410     0.008031     -0.001313
SW     0.000930     0.002035     -0.000183
SY     0.002480     0.005567     -0.000643
SV     0.004402     0.009542     -0.000768
TA     0.004565     0.009351     -0.000224
TR     0.002530     0.004669      0.000375
TN     0.002530     0.005914     -0.000922
TD     0.002970     0.006908     -0.001043
TC     0.000880     0.001831     -0.000072
TQ     0.002145     0.004519     -0.000235
TE     0.003300     0.006643     -0.000043
TG     0.003520     0.008541     -0.001651
TH     0.001100     0.002185      0.000015
TI     0.003135     0.006275     -0.000005
TL     0.005005     0.009937      0.000073
TK     0.003135     0.006282     -0.000012
TM     0.001045     0.001946      0.000139
TF     0.002255     0.004560     -0.000050
TP     0.001595     0.003668     -0.000512
TS     0.003410     0.008031     -0.001313
TT     0.003025     0.003750     -0.000806
TW     0.000825     0.001797     -0.000153
TY     0.002200     0.004696     -0.000306
TV     0.003905     0.008569     -0.000795
WA     0.001245     0.002484      0.000006
WR     0.000690     0.001770     -0.000441
WN     0.000690     0.001490     -0.000114
WD     0.000810     0.001470      0.000143
WC     0.000240     0.000436      0.000042
WQ     0.000585     0.001252     -0.000085
WE     0.000900     0.001647      0.000146
WG     0.000960     0.002049     -0.000133
WH     0.000300     0.000817     -0.000252
WI     0.000855     0.001735     -0.000025
WL     0.001365     0.002695      0.000035
WK     0.000855     0.001572      0.000132
WM     0.000285     0.000565      0.000005
WF     0.000615     0.001171      0.000058
WP     0.000435     0.000987     -0.000125
WS     0.000930     0.002035     -0.000183
WT     0.000825     0.001797     -0.000153
WW     0.000225     0.000259     -0.000036
WY     0.000600     0.001361     -0.000171
WV     0.001065     0.002450     -0.000343
YA     0.003320     0.006398      0.000238
YR     0.001840     0.003845     -0.000169
YN     0.001840     0.003920     -0.000248
YD     0.002160     0.004424     -0.000105
YC     0.000640     0.001286     -0.000006
YQ     0.001560     0.003172     -0.000052
YE     0.002400     0.004723      0.000076
YG     0.002560     0.005227     -0.000108
YH     0.000800     0.001579      0.000021
YI     0.002280     0.005009     -0.000470
YL     0.003640     0.007595     -0.000322
YK     0.002280     0.005070     -0.000538
YM     0.000760     0.001776     -0.000276
YF     0.001640     0.003961     -0.000747
YP     0.001160     0.002729     -0.000443
YS     0.002480     0.005567     -0.000643
YT     0.002200     0.004696     -0.000306
YW     0.000600     0.001361     -0.000171
YY     0.001600     0.002042     -0.000498
YV     0.002840     0.006261     -0.000610
VA     0.005893     0.013802     -0.002179
VR     0.003266     0.007119     -0.000613
VN     0.003266     0.005860      0.000636
VD     0.003834     0.007827     -0.000161
VC     0.001136     0.001940      0.000306
VQ     0.002769     0.006016     -0.000498
VE     0.004260     0.009453     -0.000982
VG     0.004544     0.010488     -0.001503
VH     0.001420     0.003076     -0.000246
VI     0.004047     0.008902     -0.000847
VL     0.006461     0.013408     -0.000495
VK     0.004047     0.008215     -0.000122
VM     0.001349     0.002940     -0.000253
VF     0.002911     0.006323     -0.000522
VP     0.002059     0.004376     -0.000266
VS     0.004402     0.009542     -0.000768
VT     0.003905     0.008569     -0.000795
VW     0.001065     0.002450     -0.000343
VY     0.002840     0.006261     -0.000610
VV     0.005041     0.006139     -0.001210
