AA     0.005329     0.006457     -0.001240
AR     0.003139     0.006630     -0.000362
AN     0.003066     0.006086      0.000046
AD     0.003650     0.007538     -0.000242
AC     0.001022     0.002066     -0.000022
AQ     0.002555     0.005380     -0.000277
AE     0.003869     0.008019     -0.000286
AG     0.004745     0.010820     -0.001419
AH     0.001460     0.002981     -0.000062
AI     0.004891     0.010407     -0.000645
AL     0.007227     0.016885     -0.002625
AK     0.003650     0.007330     -0.000030
AM     0.001460     0.003077     -0.000161
AF     0.003358     0.006814     -0.000099
AP     0.002847     0.006164     -0.000489
AS     0.004234     0.009202     -0.000765
AT     0.004088     0.008718     -0.000560
AW     0.001168     0.002430     -0.000096
AY     0.002993     0.005938      0.000048
AV     0.005767     0.012805     -0.001339
RA     0.003139     0.006630     -0.000362
RR     0.001849     0.001992     -0.000148
RN     0.001806     0.003578      0.000034
RD     0.002150     0.004659     -0.000374
RC     0.000602     0.001219     -0.000015
RQ     0.001505     0.003193     -0.000188
RE     0.002279     0.005302     -0.000802
RG     0.002795     0.005698     -0.000109
RH     0.000860     0.001798     -0.000080
RI     0.002881     0.005927     -0.000167
RL     0.004257     0.009735     -0.001305
RK     0.002150     0.004207      0.000092
RM     0.000860     0.001766     -0.000047
RF     0.001978     0.004073     -0.000119
RP     0.001677     0.003766     -0.000436
RS     0.002494     0.004868      0.000119
RT     0.002408     0.004871     -0.000055
RW     0.000688     0.001452     -0.000078
RY     0.001763     0.003388      0.000135
RV     0.003397     0.007058     -0.000269
NA     0.003066     0.006086      0.000046
NR     0.001806     0.003578      0.000034
NN     0.001764     0.002155     -0.000431
ND     0.002100     0.004416     -0.000221
NC     0.000588     0.001247     -0.000073
NQ     0.001470     0.003109     -0.000174
NE     0.002226     0.004338      0.000113
NG     0.002730     0.005797     -0.000347
NH     0.000840     0.001713     -0.000033
NI     0.002814     0.006560     -0.001005
NL     0.004158     0.008326     -0.000010
NK     0.002100     0.004628     -0.000449
NM     0.000840     0.001851     -0.000179
NF     0.001932     0.004002     -0.000140
NP     0.001638     0.003494     -0.000225
NS     0.002436     0.005532     -0.000703
NT     0.002352     0.005355     -0.000694
NW     0.000672     0.001636     -0.000322
NY     0.001722     0.003864     -0.000445
NV     0.003318     0.007072     -0.000450
DA     0.003650     0.007538     -0.000242
DR     0.002150     0.004659     -0.000374
DN     0.002100     0.004416     -0.000221
DD     0.002500     0.002688     -0.000195
DC     0.000700     0.001236      0.000154
DQ     0.001750     0.003578     -0.000079
DE     0.002650     0.005585     -0.000293
DG     0.003250     0.007079     -0.000604
DH     0.001000     0.002052     -0.000053
DI     0.003350     0.007277     -0.000601
DL     0.004950     0.010777     -0.000915
DK     0.002500     0.005500     -0.000524
DM     0.001000     0.002095     -0.000097
DF     0.002300     0.004963     -0.000377
DP     0.001950     0.004094     -0.000199
DS     0.002900     0.006185     -0.000398
DT     0.002800     0.005829     -0.000234
DW     0.000800     0.001738     -0.000144
DY     0.002050     0.004670     -0.000608
DV     0.003950     0.008506     -0.000629
CA     0.001022     0.002066     -0.000022
CR     0.000602     0.001219     -0.000015
CN     0.000588     0.001247     -0.000073
CD     0.000700     0.001236      0.000154
CC     0.000196     0.000431     -0.000340
CQ     0.000490     0.001159     -0.000194
CE     0.000742     0.001367      0.000112
CG     0.000910     0.002003     -0.000192
CH     0.000280     0.000530      0.000029
CI     0.000938     0.001766      0.000107
CL     0.001386     0.002628      0.000140
CK     0.000700     0.001356      0.000043
CM     0.000280     0.000569     -0.000009
CF     0.000644     0.001212      0.000074
CP     0.000546     0.001166     -0.000076
CS     0.000812     0.001741     -0.000121
CT     0.000784     0.001561      0.000007
CW     0.000224     0.000498     -0.000053
CY     0.000574     0.001222     -0.000076
CV     0.001106     0.002141      0.000070
QA     0.002555     0.005380     -0.000277
QR     0.001505     0.003193     -0.000188
QN     0.001470     0.003109     -0.000174
QD     0.001750     0.003578     -0.000079
QC     0.000490     0.001159     -0.000194
QQ     0.001225     0.001417     -0.000206
QE     0.001855     0.003691      0.000019
QG     0.002275     0.004755     -0.000210
QH     0.000700     0.001554     -0.000162
QI     0.002345     0.004970     -0.000288
QL     0.003465     0.007817     -0.000941
QK     0.001750     0.003434      0.000065
QM     0.000700     0.001434     -0.000034
QF     0.001610     0.003271     -0.000051
QP     0.001365     0.002844     -0.000116
QS     0.002030     0.004539     -0.000506
QT     0.001960     0.004101     -0.000185
QW     0.000560     0.001123     -0.000003
QY     0.001435     0.003119     -0.000260
QV     0.002765     0.005620     -0.000091
EA     0.003869     0.008019     -0.000286
ER     0.002279     0.005302     -0.000802
EN     0.002226     0.004338      0.000113
ED     0.002650     0.005585     -0.000293
EC     0.000742     0.001367      0.000112
EQ     0.001855     0.003691      0.000019
EE     0.002809     0.003310     -0.000543
EG     0.003445     0.006892     -0.000002
EH     0.001060     0.002289     -0.000176
EI     0.003551     0.007704     -0.000627
EL     0.005247     0.012095     -0.001717
EK     0.002650     0.006401     -0.001208
EM     0.001060     0.002215     -0.000097
EF     0.002438     0.005186     -0.000320
EP     0.002067     0.004437     -0.000314
ES     0.003074     0.005786      0.000351
ET     0.002968     0.005701      0.000230
EW     0.000848     0.001643      0.000052
EY     0.002173     0.004670     -0.000336
EV     0.004187     0.009121     -0.000779
GA     0.004745     0.010820     -0.001419
GR     0.002795     0.005698     -0.000109
GN     0.002730     0.005797     -0.000347
GD     0.003250     0.007079     -0.000604
GC     0.000910     0.002003     -0.000192
GQ     0.002275     0.004755     -0.000210
GE     0.003445     0.006892     -0.000002
GG     0.004225     0.005246     -0.001135
GH     0.001300     0.002858     -0.000270
GI     0.004355     0.009040     -0.000336
GL     0.006435     0.013268     -0.000404
GK     0.003250     0.006344      0.000154
GM     0.001300     0.002794     -0.000201
GF     0.002990     0.006051     -0.000071
GP     0.002535     0.005493     -0.000440
GS     0.003770     0.008612     -0.001145
GT     0.003640     0.008174     -0.000947
GW     0.001040     0.002271     -0.000200
GY     0.002665     0.005348     -0.000018
GV     0.005135     0.011731     -0.001560
HA     0.001460     0.002981     -0.000062
HR     0.000860     0.001798     -0.000080
HN     0.000840     0.001713     -0.000033
HD     0.001000     0.002052     -0.000053
HC     0.000280     0.000530      0.000029
HQ     0.000700     0.001554     -0.000162
HE     0.001060     0.002289     -0.000176
HG     0.001300     0.002858     -0.000270
HH     0.000400     0.000463     -0.000068
HI     0.001340     0.002914     -0.000244
HL     0.001980     0.004250     -0.000300
HK     0.001000     0.001773      0.000214
HM     0.000400     0.000961     -0.000176
HF     0.000920     0.001953     -0.000116
HP     0.000780     0.001844     -0.000308
HS     0.001160     0.002370     -0.000051
HT     0.001120     0.002257     -0.000017
HW     0.000320     0.000752     -0.000121
HY     0.000820     0.001858     -0.000232
HV     0.001580     0.003518     -0.000378
IA     0.004891     0.010407     -0.000645
IR     0.002881     0.005927     -0.000167
IN     0.002814     0.006560     -0.001005
ID     0.003350     0.007277     -0.000601
IC     0.000938     0.001766      0.000107
IQ     0.002345     0.004970     -0.000288
IE     0.003551     0.007704     -0.000627
IG     0.004355     0.009040     -0.000336
IH     0.001340     0.002914     -0.000244
II     0.004489     0.005348     -0.000936
IL     0.006633     0.014515     -0.001306
IK     0.003350     0.007704     -0.001076
IM     0.001340     0.002738     -0.000059
IF     0.003082     0.006574     -0.000423
IP     0.002613     0.004995      0.000226
IS     0.003886     0.008361     -0.000611
IT     0.003752     0.008089     -0.000607
IW     0.001072     0.002127      0.000017
IY     0.002747     0.005825     -0.000341
IV     0.005293     0.011604     -0.001065
LA     0.007227     0.016885     -0.002625
LR     0.004257     0.009735     -0.001305
LN     0.004158     0.008326     -0.000010
LD     0.004950     0.010777     -0.000915
LC     0.001386     0.002628      0.000140
LQ     0.003465     0.007817     -0.000941
LE     0.005247     0.012095     -0.001717
LG     0.006435     0.013268     -0.000404
LH     0.001980     0.004250     -0.000300
LI     0.006633     0.014515     -0.001306
LL     0.009801     0.011643     -0.002005
LK     0.004950     0.010749     -0.000884
LM     0.001980     0.004331     -0.000388
LF     0.004554     0.010332     -0.001303
LP     0.003861     0.007800     -0.000078
LS     0.005742     0.012342     -0.000889
LT     0.005544     0.011244     -0.000157
LW     0.001584     0.003271     -0.000105
LY     0.004059     0.008443     -0.000331
LV     0.007821     0.017002     -0.001417
KA     0.003650     0.007330     -0.000030
KR     0.002150     0.004207      0.000092
KN     0.002100     0.004628     -0.000449
KD     0.002500     0.005500     -0.000524
KC     0.000700     0.001356      0.000043
KQ     0.001750     0.003434      0.000065
KE     0.002650     0.006401     -0.001208
KG     0.003250     0.006344      0.000154
KH     0.001000     0.001773      0.000214
KI     0.003350     0.007704     -0.001076
KL     0.004950     0.010749     -0.000884
KK     0.002500     0.003229     -0.000826
KM     0.001000     0.002293     -0.000313
KF     0.002300     0.004839     -0.000245
KP     0.001950     0.004023     -0.000125
KS     0.002900     0.005733      0.000067
KT     0.002800     0.005966     -0.000378
KW     0.000800     0.001515      0.000083
KY     0.002050     0.004514     -0.000434
KV     0.003950     0.008503     -0.000625
MA     0.001460     0.003077     -0.000161
MR     0.000860     0.001766     -0.000047
MN     0.000840     0.001851     -0.000179
MD     0.001000     0.002095     -0.000097
MC     0.000280     0.000569     -0.000009
MQ     0.000700     0.001434     -0.000034
ME     0.001060     0.002215     -0.000097
MG     0.001300     0.002794     -0.000201
MH     0.000400     0.000961     -0.000176
MI     0.001340     0.002738     -0.000059
ML     0.001980     0.004331     -0.000388
MK     0.001000     0.002293     -0.000313
MM     0.000400     0.000576     -0.000210
MF     0.000920     0.002091     -0.000267
MP     0.000780     0.001544      0.000016
MS     0.001160     0.002607     -0.000304
MT     0.001120     0.002204      0.000036
MW     0.000320     0.000703     -0.000066
MY     0.000820     0.001763     -0.000128
MV     0.001580     0.003204     -0.000044
FA     0.003358     0.006814     -0.000099
FR     0.001978     0.004073     -0.000119
FN     0.001932     0.004002     -0.000140
FD     0.002300     0.004963     -0.000377
FC     0.000644     0.001212      0.000074
FQ     0.001610     0.003271     -0.000051
FE     0.002438     0.005186     -0.000320
FG     0.002990     0.006051     -0.000071
FH     0.000920     0.001953     -0.000116
FI     0.003082     0.006574     -0.000423
FL     0.004554     0.010332     -0.001303
FK     0.002300     0.004839     -0.000245
FM     0.000920     0.002091     -0.000267
FF     0.002116     0.002550     -0.000476
FP     0.001794     0.003762     -0.000178
FS     0.002668     0.005507     -0.000174
FT     0.002576     0.005366     -0.000218
FW     0.000736     0.001353      0.000114
FY     0.001886     0.004260     -0.000518
FV     0.003634     0.007574     -0.000312
PA     0.002847     0.006164     -0.000489
PR     0.001677     0.003766     -0.000436
PN     0.001638     0.003494     -0.000225
PD     0.001950     0.004094     -0.000199
PC     0.000546     0.001166     -0.000076
PQ     0.001365     0.002844     -0.000116
PE     0.002067     0.004437     -0.000314
PG     0.002535     0.005493     -0.000440
PH     0.000780     0.001844     -0.000308
PI     0.002613     0.004995      0.000226
PL     0.003861     0.007800     -0.000078
PK     0.001950     0.004023     -0.000125
PM     0.000780     0.001544      0.000016
PF     0.001794     0.003762     -0.000178
PP     0.001521     0.001643     -0.000127
PS     0.002262     0.005037     -0.000541
PT     0.002184     0.004504     -0.000138
PW     0.000624     0.001385     -0.000144
PY     0.001599     0.003426     -0.000236
PV     0.003081     0.006528     -0.000377
SA     0.004234     0.009202     -0.000765
SR     0.002494     0.004868      0.000119
SN     0.002436     0.005532     -0.000703
SD     0.002900     0.006185     -0.000398
SC     0.000812     0.001741     -0.000121
SQ     0.002030     0.004539     -0.000506
SE     0.003074     0.005786      0.000351
SG     0.003770     0.008612     -0.001145
SH     0.001160     0.002370     -0.000051
SI     0.003886     0.008361     -0.000611
SL     0.005742     0.012342     -0.000889
SK     0.002900     0.005733      0.000067
SM     0.001160     0.002607     -0.000304
SF     0.002668     0.005507     -0.000174
SP     0.002262     0.005037     -0.000541
SS     0.003364     0.004115     -0.000829
ST     0.003248     0.007206     -0.000747
SW     0.000928     0.002056     -0.000210
SY     0.002378     0.005557     -0.000865
SV     0.004582     0.009612     -0.000459
TA     0.004088     0.008718     -0.000560
TR     0.002408     0.004871     -0.000055
TN     0.002352     0.005355     -0.000694
TD     0.002800     0.005829     -0.000234
TC     0.000784     0.001561      0.000007
TQ     0.001960     0.004101     -0.000185
TE     0.002968     0.005701      0.000230
TG     0.003640     0.008174     -0.000947
TH     0.001120     0.002257     -0.000017
TI     0.003752     0.008089     -0.000607
TL     0.005544     0.011244     -0.000157
TK     0.002800     0.005966     -0.000378
TM     0.001120     0.002204      0.000036
TF     0.002576     0.005366     -0.000218
TP     0.002184     0.004504     -0.000138
TS     0.003248     0.007206     -0.000747
TT     0.003136     0.003536     -0.000424
TW     0.000896     0.001946     -0.000160
TY     0.002296     0.004871     -0.000287
TV     0.004424     0.009905     -0.001118
WA     0.001168     0.002430     -0.000096
WR     0.000688     0.001452     -0.000078
WN     0.000672     0.001636     -0.000322
WD     0.000800     0.001738     -0.000144
WC     0.000224     0.000498     -0.000053
WQ     0.000560     0.001123     -0.000003
WE     0.000848     0.001643      0.000052
WG     0.001040     0.002271     -0.000200
WH     0.000320     0.000752     -0.000121
WI     0.001072     0.002127      0.000017
WL     0.001584     0.003271     -0.000105
WK     0.000800     0.001515      0.000083
WM     0.000320     0.000703     -0.000066
WF     0.000736     0.001353      0.000114
WP     0.000624     0.001385     -0.000144
WS     0.000928     0.002056     -0.000210
WT     0.000896     0.001946     -0.000160
WW     0.000256     0.000314     -0.000064
WY     0.000656     0.001459     -0.000155
WV     0.001264     0.002596     -0.000069
YA     0.002993     0.005938      0.000048
YR     0.001763     0.003388      0.000135
YN     0.001722     0.003864     -0.000445
YD     0.002050     0.004670     -0.000608
YC     0.000574     0.001222     -0.000076
YQ     0.001435     0.003119     -0.000260
YE     0.002173     0.004670     -0.000336
YG     0.002665     0.005348     -0.000018
YH     0.000820     0.001858     -0.000232
YI     0.002747     0.005825     -0.000341
YL     0.004059     0.008443     -0.000331
YK     0.002050     0.004514     -0.000434
YM     0.000820     0.001763     -0.000128
YF     0.001886     0.004260     -0.000518
YP     0.001599     0.003426     -0.000236
YS     0.002378     0.005557     -0.000865
YT     0.002296     0.004871     -0.000287
YW     0.000656     0.001459     -0.000155
YY     0.001681     0.001904     -0.000237
YV     0.003239     0.006496     -0.000018
VA     0.005767     0.012805     -0.001339
VR     0.003397     0.007058     -0.000269
VN     0.003318     0.007072     -0.000450
VD     0.003950     0.008506     -0.000629
VC     0.001106     0.002141      0.000070
VQ     0.002765     0.005620     -0.000091
VE     0.004187     0.009121     -0.000779
VG     0.005135     0.011731     -0.001560
VH     0.001580     0.003518     -0.000378
VI     0.005293     0.011604     -0.001065
VL     0.007821     0.017002     -0.001417
VK     0.003950     0.008503     -0.000625
VM     0.001580     0.003204     -0.000044
VF     0.003634     0.007574     -0.000312
VP     0.003081     0.006528     -0.000377
VS     0.004582     0.009612     -0.000459
VT     0.004424     0.009905     -0.001118
VW     0.001264     0.002596     -0.000069
VY     0.003239     0.006496     -0.000018
VV     0.006241     0.007309     -0.001155
