AA     0.005776     0.007730     -0.002253
AR     0.003268     0.007305     -0.000813
AN     0.003116     0.006288     -0.000056
AD     0.003648     0.007335     -0.000039
AC     0.001140     0.002391     -0.000114
AQ     0.002584     0.005531     -0.000375
AE     0.003800     0.008424     -0.000867
AG     0.005168     0.011755     -0.001512
AH     0.001520     0.003059     -0.000019
AI     0.004940     0.009972     -0.000092
AL     0.007144     0.015474     -0.001234
AK     0.003800     0.007824     -0.000227
AM     0.001520     0.003174     -0.000137
AF     0.003496     0.007186     -0.000197
AP     0.003116     0.006237     -0.000005
AS     0.004408     0.009726     -0.000955
AT     0.004180     0.009185     -0.000864
AW     0.001216     0.002527     -0.000097
AY     0.003268     0.006407      0.000128
AV     0.006156     0.014316     -0.002159
RA     0.003268     0.007305     -0.000813
RR     0.001849     0.002153     -0.000328
RN     0.001763     0.003565     -0.000039
RD     0.002064     0.004693     -0.000602
RC     0.000645     0.001357     -0.000069
RQ     0.001462     0.002902      0.000022
RE     0.002150     0.005029     -0.000788
RG     0.002924     0.006390     -0.000566
RH     0.000860     0.001970     -0.000267
RI     0.002795     0.005646     -0.000056
RL     0.004042     0.008926     -0.000884
RK     0.002150     0.004114      0.000182
RM     0.000860     0.001838     -0.000122
RF     0.001978     0.003982     -0.000026
RP     0.001763     0.003906     -0.000400
RS     0.002494     0.005186     -0.000202
RT     0.002365     0.004480      0.000243
RW     0.000688     0.001430     -0.000055
RY     0.001849     0.003672      0.000026
RV     0.003483     0.007258     -0.000298
NA     0.003116     0.006288     -0.000056
NR     0.001763     0.003565     -0.000039
NN     0.001681     0.002110     -0.000480
ND     0.001968     0.004284     -0.000363
NC     0.000615     0.001447     -0.000235
NQ     0.001394     0.003021     -0.000242
NE     0.002050     0.004199     -0.000100
NG     0.002788     0.006143     -0.000595
NH     0.000820     0.001808     -0.000176
NI     0.002665     0.005586     -0.000262
NL     0.003854     0.007603      0.000104
NK     0.002050     0.004522     -0.000443
NM     0.000820     0.001621      0.000019
NF     0.001886     0.004016     -0.000252
NP     0.001681     0.003684     -0.000337
NS     0.002378     0.005429     -0.000719
NT     0.002255     0.004910     -0.000417
NW     0.000656     0.001425     -0.000118
NY     0.001763     0.004314     -0.000870
NV     0.003321     0.006901     -0.000264
DA     0.003648     0.007335     -0.000039
DR     0.002064     0.004693     -0.000602
DN     0.001968     0.004284     -0.000363
DD     0.002304     0.002183      0.000118
DC     0.000720     0.001395      0.000044
DQ     0.001632     0.003267     -0.000003
DE     0.002400     0.004761      0.000039
DG     0.003264     0.007096     -0.000592
DH     0.000960     0.002234     -0.000338
DI     0.003120     0.006369     -0.000130
DL     0.004512     0.009207     -0.000185
DK     0.002400     0.005684     -0.000961
DM     0.000960     0.001753      0.000160
DF     0.002208     0.004365      0.000051
DP     0.001968     0.004318     -0.000400
DS     0.002784     0.005803     -0.000240
DT     0.002640     0.005739     -0.000478
DW     0.000768     0.001676     -0.000146
DY     0.002064     0.004880     -0.000817
DV     0.003888     0.007998     -0.000225
CA     0.001140     0.002391     -0.000114
CR     0.000645     0.001357     -0.000069
CN     0.000615     0.001447     -0.000235
CD     0.000720     0.001395      0.000044
CC     0.000225     0.000528     -0.000450
CQ     0.000510     0.001255     -0.000260
CE     0.000750     0.001468      0.000032
CG     0.001020     0.002412     -0.000404
CH     0.000300     0.000732     -0.000146
CI     0.000975     0.001710      0.000225
CL     0.001410     0.002676      0.000140
CK     0.000750     0.001591     -0.000094
CM     0.000300     0.000647     -0.000049
CF     0.000690     0.001395     -0.000015
CP     0.000615     0.001366     -0.000143
CS     0.000870     0.001923     -0.000192
CT     0.000825     0.001749     -0.000102
CW     0.000240     0.000608     -0.000144
CY     0.000645     0.001302     -0.000012
CV     0.001215     0.002259      0.000165
QA     0.002584     0.005531     -0.000375
QR     0.001462     0.002902      0.000022
QN     0.001394     0.003021     -0.000242
QD     0.001632     0.003267     -0.000003
QC     0.000510     0.001255     -0.000260
QQ     0.001156     0.001493     -0.000382
QE     0.001700     0.003289      0.000109
QG     0.002312     0.004544      0.000079
QH     0.000680     0.001255      0.000101
QI     0.002210     0.004284      0.000134
QL     0.003196     0.007062     -0.000704
QK     0.001700     0.003289      0.000109
QM     0.000680     0.001434     -0.000076
QF     0.001564     0.003216     -0.000089
QP     0.001394     0.003119     -0.000350
QS     0.001972     0.004629     -0.000741
QT     0.001870     0.004101     -0.000378
QW     0.000544     0.001276     -0.000203
QY     0.001462     0.002859      0.000064
QV     0.002754     0.005773     -0.000271
EA     0.003800     0.008424     -0.000867
ER     0.002150     0.005029     -0.000788
EN     0.002050     0.004199     -0.000100
ED     0.002400     0.004761      0.000039
EC     0.000750     0.001468      0.000032
EQ     0.001700     0.003289      0.000109
EE     0.002500     0.003016     -0.000566
EG     0.003400     0.006688      0.000111
EH     0.001000     0.002144     -0.000149
EI     0.003250     0.007016     -0.000536
EL     0.004700     0.010998     -0.001727
EK     0.002500     0.006331     -0.001494
EM     0.001000     0.002119     -0.000122
EF     0.002300     0.004795     -0.000199
EP     0.002050     0.004127     -0.000027
ES     0.002900     0.005799      0.000001
ET     0.002750     0.005480      0.000020
EW     0.000800     0.001706     -0.000109
EY     0.002150     0.004250      0.000050
EV     0.004050     0.009173     -0.001141
GA     0.005168     0.011755     -0.001512
GR     0.002924     0.006390     -0.000566
GN     0.002788     0.006143     -0.000595
GD     0.003264     0.007096     -0.000592
GC     0.001020     0.002412     -0.000404
GQ     0.002312     0.004544      0.000079
GE     0.003400     0.006688      0.000111
GG     0.004624     0.005722     -0.001219
GH     0.001360     0.002812     -0.000094
GI     0.004420     0.009258     -0.000428
GL     0.006392     0.012695      0.000089
GK     0.003400     0.006599      0.000198
GM     0.001360     0.002723     -0.000003
GF     0.003128     0.006195      0.000061
GP     0.002788     0.005897     -0.000330
GS     0.003944     0.008930     -0.001108
GT     0.003740     0.008611     -0.001212
GW     0.001088     0.002361     -0.000193
GY     0.002924     0.006254     -0.000420
GV     0.005508     0.012376     -0.001441
HA     0.001520     0.003059     -0.000019
HR     0.000860     0.001970     -0.000267
HN     0.000820     0.001808     -0.000176
HD     0.000960     0.002234     -0.000338
HC     0.000300     0.000732     -0.000146
HQ     0.000680     0.001255      0.000101
HE     0.001000     0.002144     -0.000149
HG     0.001360     0.002812     -0.000094
HH     0.000400     0.000600     -0.000243
HI     0.001300     0.002527      0.000072
HL     0.001880     0.003867     -0.000109
HK     0.001000     0.001885      0.000112
HM     0.000400     0.000881     -0.000085
HF     0.000920     0.001995     -0.000161
HP     0.000820     0.001685     -0.000046
HS     0.001160     0.002348     -0.000028
HT     0.001100     0.002327     -0.000131
HW     0.000320     0.000817     -0.000199
HY     0.000860     0.001812     -0.000094
HV     0.001620     0.003025      0.000208
IA     0.004940     0.009972     -0.000092
IR     0.002795     0.005646     -0.000056
IN     0.002665     0.005586     -0.000262
ID     0.003120     0.006369     -0.000130
IC     0.000975     0.001710      0.000225
IQ     0.002210     0.004284      0.000134
IE     0.003250     0.007016     -0.000536
IG     0.004420     0.009258     -0.000428
IH     0.001300     0.002527      0.000072
II     0.004225     0.005854     -0.001909
IL     0.006110     0.014967     -0.003035
IK     0.003250     0.007292     -0.000838
IM     0.001300     0.002919     -0.000338
IF     0.002990     0.006790     -0.000863
IP     0.002665     0.005424     -0.000095
IS     0.003770     0.007620     -0.000080
IT     0.003575     0.007492     -0.000350
IW     0.001040     0.002000      0.000078
IY     0.002795     0.005926     -0.000346
IV     0.005265     0.012053     -0.001628
LA     0.007144     0.015474     -0.001234
LR     0.004042     0.008926     -0.000884
LN     0.003854     0.007603      0.000104
LD     0.004512     0.009207     -0.000185
LC     0.001410     0.002676      0.000140
LQ     0.003196     0.007062     -0.000704
LE     0.004700     0.010998     -0.001727
LG     0.006392     0.012695      0.000089
LH     0.001880     0.003867     -0.000109
LI     0.006110     0.014967     -0.003035
LL     0.008836     0.012491     -0.004324
LK     0.004700     0.009866     -0.000477
LM     0.001880     0.004386     -0.000675
LF     0.004324     0.010024     -0.001480
LP     0.003854     0.008045     -0.000344
LS     0.005452     0.010836      0.000068
LT     0.005170     0.010802     -0.000472
LW     0.001504     0.002931      0.000076
LY     0.004042     0.007892      0.000190
LV     0.007614     0.018235     -0.003286
KA     0.003800     0.007824     -0.000227
KR     0.002150     0.004114      0.000182
KN     0.002050     0.004522     -0.000443
KD     0.002400     0.005684     -0.000961
KC     0.000750     0.001591     -0.000094
KQ     0.001700     0.003289      0.000109
KE     0.002500     0.006331     -0.001494
KG     0.003400     0.006599      0.000198
KH     0.001000     0.001885      0.000112
KI     0.003250     0.007292     -0.000838
KL     0.004700     0.009866     -0.000477
KK     0.002500     0.003208     -0.000800
KM     0.001000     0.001872      0.000124
KF     0.002300     0.004676     -0.000077
KP     0.002050     0.004152     -0.000052
KS     0.002900     0.006067     -0.000273
KT     0.002750     0.005858     -0.000369
KW     0.000800     0.001438      0.000154
KY     0.002150     0.004476     -0.000180
KV     0.004050     0.008943     -0.000885
MA     0.001520     0.003174     -0.000137
MR     0.000860     0.001838     -0.000122
MN     0.000820     0.001621      0.000019
MD     0.000960     0.001753      0.000160
MC     0.000300     0.000647     -0.000049
MQ     0.000680     0.001434     -0.000076
ME     0.001000     0.002119     -0.000122
MG     0.001360     0.002723     -0.000003
MH     0.000400     0.000881     -0.000085
MI     0.001300     0.002919     -0.000338
ML     0.001880     0.004386     -0.000675
MK     0.001000     0.001872      0.000124
MM     0.000400     0.000540     -0.000162
MF     0.000920     0.002080     -0.000255
MP     0.000820     0.001659     -0.000019
MS     0.001160     0.002374     -0.000055
MT     0.001100     0.002229     -0.000029
MW     0.000320     0.000736     -0.000103
MY     0.000860     0.001995     -0.000296
MV     0.001620     0.003416     -0.000181
FA     0.003496     0.007186     -0.000197
FR     0.001978     0.003982     -0.000026
FN     0.001886     0.004016     -0.000252
FD     0.002208     0.004365      0.000051
FC     0.000690     0.001395     -0.000015
FQ     0.001564     0.003216     -0.000089
FE     0.002300     0.004795     -0.000199
FG     0.003128     0.006195      0.000061
FH     0.000920     0.001995     -0.000161
FI     0.002990     0.006790     -0.000863
FL     0.004324     0.010024     -0.001480
FK     0.002300     0.004676     -0.000077
FM     0.000920     0.002080     -0.000255
FF     0.002116     0.002459     -0.000369
FP     0.001886     0.003693      0.000078
FS     0.002668     0.005612     -0.000283
FT     0.002530     0.005152     -0.000093
FW     0.000736     0.001519     -0.000048
FY     0.001978     0.004237     -0.000291
FV     0.003726     0.008020     -0.000589
PA     0.003116     0.006237     -0.000005
PR     0.001763     0.003906     -0.000400
PN     0.001681     0.003684     -0.000337
PD     0.001968     0.004318     -0.000400
PC     0.000615     0.001366     -0.000143
PQ     0.001394     0.003119     -0.000350
PE     0.002050     0.004127     -0.000027
PG     0.002788     0.005897     -0.000330
PH     0.000820     0.001685     -0.000046
PI     0.002665     0.005424     -0.000095
PL     0.003854     0.008045     -0.000344
PK     0.002050     0.004152     -0.000052
PM     0.000820     0.001659     -0.000019
PF     0.001886     0.003693      0.000078
PP     0.001681     0.001863     -0.000192
PS     0.002378     0.005139     -0.000398
PT     0.002255     0.004671     -0.000164
PW     0.000656     0.001540     -0.000247
PY     0.001763     0.003846     -0.000334
PV     0.003321     0.006854     -0.000215
SA     0.004408     0.009726     -0.000955
SR     0.002494     0.005186     -0.000202
SN     0.002378     0.005429     -0.000719
SD     0.002784     0.005803     -0.000240
SC     0.000870     0.001923     -0.000192
SQ     0.001972     0.004629     -0.000741
SE     0.002900     0.005799      0.000001
SG     0.003944     0.008930     -0.001108
SH     0.001160     0.002348     -0.000028
SI     0.003770     0.007620     -0.000080
SL     0.005452     0.010836      0.000068
SK     0.002900     0.006067     -0.000273
SM     0.001160     0.002374     -0.000055
SF     0.002668     0.005612     -0.000283
SP     0.002378     0.005139     -0.000398
SS     0.003364     0.004165     -0.000890
ST     0.003190     0.007718     -0.001469
SW     0.000928     0.002204     -0.000379
SY     0.002494     0.005344     -0.000368
SV     0.004698     0.010100     -0.000730
TA     0.004180     0.009185     -0.000864
TR     0.002365     0.004480      0.000243
TN     0.002255     0.004910     -0.000417
TD     0.002640     0.005739     -0.000478
TC     0.000825     0.001749     -0.000102
TQ     0.001870     0.004101     -0.000378
TE     0.002750     0.005480      0.000020
TG     0.003740     0.008611     -0.001212
TH     0.001100     0.002327     -0.000131
TI     0.003575     0.007492     -0.000350
TL     0.005170     0.010802     -0.000472
TK     0.002750     0.005858     -0.000369
TM     0.001100     0.002229     -0.000029
TF     0.002530     0.005152     -0.000093
TP     0.002255     0.004671     -0.000164
TS     0.003190     0.007718     -0.001469
TT     0.003025     0.003587     -0.000611
TW     0.000880     0.001936     -0.000185
TY     0.002365     0.005399     -0.000714
TV     0.004455     0.009028     -0.000119
WA     0.001216     0.002527     -0.000097
WR     0.000688     0.001430     -0.000055
WN     0.000656     0.001425     -0.000118
WD     0.000768     0.001676     -0.000146
WC     0.000240     0.000608     -0.000144
WQ     0.000544     0.001276     -0.000203
WE     0.000800     0.001706     -0.000109
WG     0.001088     0.002361     -0.000193
WH     0.000320     0.000817     -0.000199
WI     0.001040     0.002000      0.000078
WL     0.001504     0.002931      0.000076
WK     0.000800     0.001438      0.000154
WM     0.000320     0.000736     -0.000103
WF     0.000736     0.001519     -0.000048
WP     0.000656     0.001540     -0.000247
WS     0.000928     0.002204     -0.000379
WT     0.000880     0.001936     -0.000185
WW     0.000256     0.000413     -0.000198
WY     0.000688     0.001540     -0.000173
WV     0.001296     0.002719     -0.000130
YA     0.003268     0.006407      0.000128
YR     0.001849     0.003672      0.000026
YN     0.001763     0.004314     -0.000870
YD     0.002064     0.004880     -0.000817
YC     0.000645     0.001302     -0.000012
YQ     0.001462     0.002859      0.000064
YE     0.002150     0.004250      0.000050
YG     0.002924     0.006254     -0.000420
YH     0.000860     0.001812     -0.000094
YI     0.002795     0.005926     -0.000346
YL     0.004042     0.007892      0.000190
YK     0.002150     0.004476     -0.000180
YM     0.000860     0.001995     -0.000296
YF     0.001978     0.004237     -0.000291
YP     0.001763     0.003846     -0.000334
YS     0.002494     0.005344     -0.000368
YT     0.002365     0.005399     -0.000714
YW     0.000688     0.001540     -0.000173
YY     0.001849     0.002059     -0.000221
YV     0.003483     0.007118     -0.000154
VA     0.006156     0.014316     -0.002159
VR     0.003483     0.007258     -0.000298
VN     0.003321     0.006901     -0.000264
VD     0.003888     0.007998     -0.000225
VC     0.001215     0.002259      0.000165
VQ     0.002754     0.005773     -0.000271
VE     0.004050     0.009173     -0.001141
VG     0.005508     0.012376     -0.001441
VH     0.001620     0.003025      0.000208
VI     0.005265     0.012053     -0.001628
VL     0.007614     0.018235     -0.003286
VK     0.004050     0.008943     -0.000885
VM     0.001620     0.003416     -0.000181
VF     0.003726     0.008020     -0.000589
VP     0.003321     0.006854     -0.000215
VS     0.004698     0.010100     -0.000730
VT     0.004455     0.009028     -0.000119
VW     0.001296     0.002719     -0.000130
VY     0.003483     0.007118     -0.000154
VV     0.006561     0.007318     -0.000799
