AA     0.005476     0.006981     -0.001695
AR     0.003256     0.006874     -0.000372
AN     0.003108     0.006150      0.000066
AD     0.003552     0.007398     -0.000300
AC     0.001036     0.002174     -0.000104
AQ     0.002590     0.005272     -0.000093
AE     0.003848     0.007877     -0.000183
AG     0.004588     0.010519     -0.001437
AH     0.001480     0.003005     -0.000045
AI     0.005106     0.010816     -0.000622
AL     0.007326     0.016187     -0.001613
AK     0.003774     0.007325      0.000220
AM     0.001480     0.003156     -0.000202
AF     0.003330     0.006684     -0.000024
AP     0.002664     0.005830     -0.000525
AS     0.004218     0.008865     -0.000440
AT     0.004218     0.009293     -0.000899
AW     0.001184     0.002526     -0.000163
AY     0.003108     0.006216     -0.000000
AV     0.006142     0.014168     -0.002022
RA     0.003256     0.006874     -0.000372
RR     0.001936     0.002126     -0.000199
RN     0.001848     0.003745     -0.000049
RD     0.002112     0.004569     -0.000359
RC     0.000616     0.001320     -0.000091
RQ     0.001540     0.003160     -0.000081
RE     0.002288     0.005358     -0.000845
RG     0.002728     0.005854     -0.000412
RH     0.000880     0.001695      0.000064
RI     0.003036     0.006195     -0.000124
RL     0.004356     0.009875     -0.001237
RK     0.002244     0.004128      0.000345
RM     0.000880     0.001812     -0.000053
RF     0.001980     0.004024     -0.000065
RP     0.001584     0.003494     -0.000342
RS     0.002508     0.005037     -0.000021
RT     0.002508     0.005013      0.000003
RW     0.000704     0.001340      0.000066
RY     0.001848     0.003504      0.000187
RV     0.003652     0.008094     -0.000831
NA     0.003108     0.006150      0.000066
NR     0.001848     0.003745     -0.000049
NN     0.001764     0.002116     -0.000385
ND     0.002016     0.004176     -0.000147
NC     0.000588     0.001313     -0.000145
NQ     0.001470     0.003442     -0.000543
NE     0.002184     0.004348      0.000020
NG     0.002604     0.005399     -0.000194
NH     0.000840     0.001588      0.000089
NI     0.002898     0.006436     -0.000674
NL     0.004158     0.008690     -0.000382
NK     0.002142     0.004665     -0.000397
NM     0.000840     0.001647      0.000033
NF     0.001890     0.004062     -0.000292
NP     0.001512     0.003005      0.000019
NS     0.002394     0.005148     -0.000373
NT     0.002394     0.005423     -0.000675
NW     0.000672     0.001361     -0.000017
NY     0.001764     0.003797     -0.000279
NV     0.003486     0.007463     -0.000508
DA     0.003552     0.007398     -0.000300
DR     0.002112     0.004569     -0.000359
DN     0.002016     0.004176     -0.000147
DD     0.002304     0.002560     -0.000270
DC     0.000672     0.001478     -0.000140
DQ     0.001680     0.003404     -0.000044
DE     0.002496     0.005068     -0.000077
DG     0.002976     0.006309     -0.000367
DH     0.000960     0.001895      0.000025
DI     0.003312     0.007225     -0.000627
DL     0.004752     0.010061     -0.000573
DK     0.002448     0.005702     -0.000869
DM     0.000960     0.001871      0.000048
DF     0.002160     0.004703     -0.000399
DP     0.001728     0.003701     -0.000253
DS     0.002736     0.005944     -0.000492
DT     0.002736     0.005609     -0.000139
DW     0.000768     0.001623     -0.000089
DY     0.002016     0.004431     -0.000418
DV     0.003984     0.008462     -0.000509
CA     0.001036     0.002174     -0.000104
CR     0.000616     0.001320     -0.000091
CN     0.000588     0.001313     -0.000145
CD     0.000672     0.001478     -0.000140
CC     0.000196     0.000376     -0.000245
CQ     0.000490     0.000968      0.000012
CE     0.000728     0.001516     -0.000061
CG     0.000868     0.002043     -0.000333
CH     0.000280     0.000641     -0.000087
CI     0.000966     0.001792      0.000135
CL     0.001386     0.002653      0.000116
CK     0.000714     0.001447     -0.000019
CM     0.000280     0.000527      0.000032
CF     0.000630     0.001258      0.000002
CP     0.000504     0.001196     -0.000205
CS     0.000798     0.002074     -0.000543
CT     0.000798     0.001843     -0.000265
CW     0.000224     0.000486     -0.000040
CY     0.000588     0.001330     -0.000164
CV     0.001162     0.002315      0.000009
QA     0.002590     0.005272     -0.000093
QR     0.001540     0.003160     -0.000081
QN     0.001470     0.003442     -0.000543
QD     0.001680     0.003404     -0.000044
QC     0.000490     0.000968      0.000012
QQ     0.001225     0.001444     -0.000238
QE     0.001820     0.003900     -0.000269
QG     0.002170     0.004600     -0.000268
QH     0.000700     0.001437     -0.000037
QI     0.002415     0.004800      0.000030
QL     0.003465     0.007976     -0.001121
QK     0.001785     0.003573     -0.000003
QM     0.000700     0.001358      0.000041
QF     0.001575     0.003166     -0.000016
QP     0.001260     0.002667     -0.000151
QS     0.001995     0.004252     -0.000270
QT     0.001995     0.004107     -0.000119
QW     0.000560     0.001192     -0.000074
QY     0.001470     0.002953     -0.000013
QV     0.002905     0.005654      0.000154
EA     0.003848     0.007877     -0.000183
ER     0.002288     0.005358     -0.000845
EN     0.002184     0.004348      0.000020
ED     0.002496     0.005068     -0.000077
EC     0.000728     0.001516     -0.000061
EQ     0.001820     0.003900     -0.000269
EE     0.002704     0.003315     -0.000675
EG     0.003224     0.006174      0.000268
EH     0.001040     0.002205     -0.000129
EI     0.003588     0.007794     -0.000644
EL     0.005148     0.011343     -0.001099
EK     0.002652     0.006409     -0.001213
EM     0.001040     0.002122     -0.000042
EF     0.002340     0.004889     -0.000214
EP     0.001872     0.004049     -0.000317
ES     0.002964     0.005771      0.000155
ET     0.002964     0.005751      0.000174
EW     0.000832     0.001554      0.000106
EY     0.002184     0.004621     -0.000260
EV     0.004316     0.009362     -0.000760
GA     0.004588     0.010519     -0.001437
GR     0.002728     0.005854     -0.000412
GN     0.002604     0.005399     -0.000194
GD     0.002976     0.006309     -0.000367
GC     0.000868     0.002043     -0.000333
GQ     0.002170     0.004600     -0.000268
GE     0.003224     0.006174      0.000268
GG     0.003844     0.004969     -0.001276
GH     0.001240     0.002657     -0.000183
GI     0.004278     0.008862     -0.000311
GL     0.006138     0.012535     -0.000262
GK     0.003162     0.006023      0.000294
GM     0.001240     0.002536     -0.000057
GF     0.002790     0.005809     -0.000234
GP     0.002232     0.005055     -0.000629
GS     0.003534     0.007942     -0.000926
GT     0.003534     0.007821     -0.000792
GW     0.000992     0.002288     -0.000326
GY     0.002604     0.005589     -0.000395
GV     0.005146     0.011470     -0.001243
HA     0.001480     0.003005     -0.000045
HR     0.000880     0.001695      0.000064
HN     0.000840     0.001588      0.000089
HD     0.000960     0.001895      0.000025
HC     0.000280     0.000641     -0.000087
HQ     0.000700     0.001437     -0.000037
HE     0.001040     0.002205     -0.000129
HG     0.001240     0.002657     -0.000183
HH     0.000400     0.000596     -0.000238
HI     0.001380     0.002777     -0.000017
HL     0.001980     0.004421     -0.000487
HK     0.001020     0.001936      0.000101
HM     0.000400     0.000861     -0.000063
HF     0.000900     0.001926     -0.000130
HP     0.000720     0.001668     -0.000245
HS     0.001140     0.002233      0.000047
HT     0.001140     0.002184      0.000094
HW     0.000320     0.000724     -0.000089
HY     0.000840     0.001792     -0.000116
HV     0.001660     0.003590     -0.000281
IA     0.005106     0.010816     -0.000622
IR     0.003036     0.006195     -0.000124
IN     0.002898     0.006436     -0.000674
ID     0.003312     0.007225     -0.000627
IC     0.000966     0.001792      0.000135
IQ     0.002415     0.004800      0.000030
IE     0.003588     0.007794     -0.000644
IG     0.004278     0.008862     -0.000311
IH     0.001380     0.002777     -0.000017
II     0.004761     0.005758     -0.001095
IL     0.006831     0.015433     -0.001881
IK     0.003519     0.007904     -0.000917
IM     0.001380     0.003101     -0.000361
IF     0.003105     0.006977     -0.000813
IP     0.002484     0.004986     -0.000018
IS     0.003933     0.008307     -0.000453
IT     0.003933     0.008480     -0.000637
IW     0.001104     0.002071      0.000133
IY     0.002898     0.006137     -0.000351
IV     0.005727     0.012325     -0.000903
LA     0.007326     0.016187     -0.001613
LR     0.004356     0.009875     -0.001237
LN     0.004158     0.008690     -0.000382
LD     0.004752     0.010061     -0.000573
LC     0.001386     0.002653      0.000116
LQ     0.003465     0.007976     -0.001121
LE     0.005148     0.011343     -0.001099
LG     0.006138     0.012535     -0.000262
LH     0.001980     0.004421     -0.000487
LI     0.006831     0.015433     -0.001881
LL     0.009801     0.012545     -0.003097
LK     0.005049     0.010891     -0.000823
LM     0.001980     0.004696     -0.000801
LF     0.004455     0.010109     -0.001276
LP     0.003564     0.007632     -0.000521
LS     0.005643     0.012032     -0.000770
LT     0.005643     0.012025     -0.000763
LW     0.001584     0.003232     -0.000065
LY     0.004158     0.008462     -0.000147
LV     0.008217     0.017576     -0.001181
KA     0.003774     0.007325      0.000220
KR     0.002244     0.004128      0.000345
KN     0.002142     0.004665     -0.000397
KD     0.002448     0.005702     -0.000869
KC     0.000714     0.001447     -0.000019
KQ     0.001785     0.003573     -0.000003
KE     0.002652     0.006409     -0.001213
KG     0.003162     0.006023      0.000294
KH     0.001020     0.001936      0.000101
KI     0.003519     0.007904     -0.000917
KL     0.005049     0.010891     -0.000823
KK     0.002601     0.003335     -0.000829
KM     0.001020     0.002122     -0.000084
KF     0.002295     0.004862     -0.000280
KP     0.001836     0.003594      0.000077
KS     0.002907     0.005837     -0.000023
KT     0.002907     0.006047     -0.000238
KW     0.000816     0.001513      0.000115
KY     0.002142     0.004510     -0.000232
KV     0.004233     0.009189     -0.000753
MA     0.001480     0.003156     -0.000202
MR     0.000880     0.001812     -0.000053
MN     0.000840     0.001647      0.000033
MD     0.000960     0.001871      0.000048
MC     0.000280     0.000527      0.000032
MQ     0.000700     0.001358      0.000041
ME     0.001040     0.002122     -0.000042
MG     0.001240     0.002536     -0.000057
MH     0.000400     0.000861     -0.000063
MI     0.001380     0.003101     -0.000361
ML     0.001980     0.004696     -0.000801
MK     0.001020     0.002122     -0.000084
MM     0.000400     0.000606     -0.000252
MF     0.000900     0.002078     -0.000298
MP     0.000720     0.001385      0.000054
MS     0.001140     0.002305     -0.000025
MT     0.001140     0.002384     -0.000106
MW     0.000320     0.000662     -0.000022
MY     0.000840     0.001688     -0.000008
MV     0.001660     0.003508     -0.000193
FA     0.003330     0.006684     -0.000024
FR     0.001980     0.004024     -0.000065
FN     0.001890     0.004062     -0.000292
FD     0.002160     0.004703     -0.000399
FC     0.000630     0.001258      0.000002
FQ     0.001575     0.003166     -0.000016
FE     0.002340     0.004889     -0.000214
FG     0.002790     0.005809     -0.000234
FH     0.000900     0.001926     -0.000130
FI     0.003105     0.006977     -0.000813
FL     0.004455     0.010109     -0.001276
FK     0.002295     0.004862     -0.000280
FM     0.000900     0.002078     -0.000298
FF     0.002025     0.002357     -0.000358
FP     0.001620     0.003184      0.000056
FS     0.002565     0.005699     -0.000599
FT     0.002565     0.005389     -0.000265
FW     0.000720     0.001485     -0.000046
FY     0.001890     0.004135     -0.000371
FV     0.003735     0.008087     -0.000642
PA     0.002664     0.005830     -0.000525
PR     0.001584     0.003494     -0.000342
PN     0.001512     0.003005      0.000019
PD     0.001728     0.003701     -0.000253
PC     0.000504     0.001196     -0.000205
PQ     0.001260     0.002667     -0.000151
PE     0.001872     0.004049     -0.000317
PG     0.002232     0.005055     -0.000629
PH     0.000720     0.001668     -0.000245
PI     0.002484     0.004986     -0.000018
PL     0.003564     0.007632     -0.000521
PK     0.001836     0.003594      0.000077
PM     0.000720     0.001385      0.000054
PF     0.001620     0.003184      0.000056
PP     0.001296     0.001630     -0.000374
PS     0.002052     0.004472     -0.000384
PT     0.002052     0.003966      0.000136
PW     0.000576     0.001309     -0.000167
PY     0.001512     0.003201     -0.000182
PV     0.002988     0.006374     -0.000411
SA     0.004218     0.008865     -0.000440
SR     0.002508     0.005037     -0.000021
SN     0.002394     0.005148     -0.000373
SD     0.002736     0.005944     -0.000492
SC     0.000798     0.002074     -0.000543
SQ     0.001995     0.004252     -0.000270
SE     0.002964     0.005771      0.000155
SG     0.003534     0.007942     -0.000926
SH     0.001140     0.002233      0.000047
SI     0.003933     0.008307     -0.000453
SL     0.005643     0.012032     -0.000770
SK     0.002907     0.005837     -0.000023
SM     0.001140     0.002305     -0.000025
SF     0.002565     0.005699     -0.000599
SP     0.002052     0.004472     -0.000384
SS     0.003249     0.003890     -0.000700
ST     0.003249     0.007022     -0.000545
SW     0.000912     0.001895     -0.000072
SY     0.002394     0.005186     -0.000414
SV     0.004731     0.010585     -0.001187
TA     0.004218     0.009293     -0.000899
TR     0.002508     0.005013      0.000003
TN     0.002394     0.005423     -0.000675
TD     0.002736     0.005609     -0.000139
TC     0.000798     0.001843     -0.000265
TQ     0.001995     0.004107     -0.000119
TE     0.002964     0.005751      0.000174
TG     0.003534     0.007821     -0.000792
TH     0.001140     0.002184      0.000094
TI     0.003933     0.008480     -0.000637
TL     0.005643     0.012025     -0.000763
TK     0.002907     0.006047     -0.000238
TM     0.001140     0.002384     -0.000106
TF     0.002565     0.005389     -0.000265
TP     0.002052     0.003966      0.000136
TS     0.003249     0.007022     -0.000545
TT     0.003249     0.003576     -0.000343
TW     0.000912     0.001971     -0.000153
TY     0.002394     0.004986     -0.000202
TV     0.004731     0.010392     -0.000974
WA     0.001184     0.002526     -0.000163
WR     0.000704     0.001340      0.000066
WN     0.000672     0.001361     -0.000017
WD     0.000768     0.001623     -0.000089
WC     0.000224     0.000486     -0.000040
WQ     0.000560     0.001192     -0.000074
WE     0.000832     0.001554      0.000106
WG     0.000992     0.002288     -0.000326
WH     0.000320     0.000724     -0.000089
WI     0.001104     0.002071      0.000133
WL     0.001584     0.003232     -0.000065
WK     0.000816     0.001513      0.000115
WM     0.000320     0.000662     -0.000022
WF     0.000720     0.001485     -0.000046
WP     0.000576     0.001309     -0.000167
WS     0.000912     0.001895     -0.000072
WT     0.000912     0.001971     -0.000153
WW     0.000256     0.000351     -0.000111
WY     0.000672     0.001461     -0.000122
WV     0.001328     0.002815     -0.000164
YA     0.003108     0.006216     -0.000000
YR     0.001848     0.003504      0.000187
YN     0.001764     0.003797     -0.000279
YD     0.002016     0.004431     -0.000418
YC     0.000588     0.001330     -0.000164
YQ     0.001470     0.002953     -0.000013
YE     0.002184     0.004621     -0.000260
YG     0.002604     0.005589     -0.000395
YH     0.000840     0.001792     -0.000116
YI     0.002898     0.006137     -0.000351
YL     0.004158     0.008462     -0.000147
YK     0.002142     0.004510     -0.000232
YM     0.000840     0.001688     -0.000008
YF     0.001890     0.004135     -0.000371
YP     0.001512     0.003201     -0.000182
YS     0.002394     0.005186     -0.000414
YT     0.002394     0.004986     -0.000202
YW     0.000672     0.001461     -0.000122
YY     0.001764     0.002016     -0.000269
YV     0.003486     0.007336     -0.000373
VA     0.006142     0.014168     -0.002022
VR     0.003652     0.008094     -0.000831
VN     0.003486     0.007463     -0.000508
VD     0.003984     0.008462     -0.000509
VC     0.001162     0.002315      0.000009
VQ     0.002905     0.005654      0.000154
VE     0.004316     0.009362     -0.000760
VG     0.005146     0.011470     -0.001243
VH     0.001660     0.003590     -0.000281
VI     0.005727     0.012325     -0.000903
VL     0.008217     0.017576     -0.001181
VK     0.004233     0.009189     -0.000753
VM     0.001660     0.003508     -0.000193
VF     0.003735     0.008087     -0.000642
VP     0.002988     0.006374     -0.000411
VS     0.004731     0.010585     -0.001187
VT     0.004731     0.010392     -0.000974
VW     0.001328     0.002815     -0.000164
VY     0.003486     0.007336     -0.000373
VV     0.006889     0.007976     -0.001169
