AA     0.005476     0.006567     -0.001193
AR     0.003256     0.006849     -0.000346
AN     0.003182     0.006530     -0.000168
AD     0.003774     0.008003     -0.000468
AC     0.000962     0.002012     -0.000090
AQ     0.002664     0.005549     -0.000226
AE     0.004070     0.008380     -0.000244
AG     0.004958     0.011432     -0.001626
AH     0.001554     0.003190     -0.000083
AI     0.004810     0.009932     -0.000317
AL     0.007104     0.015941     -0.001835
AK     0.003848     0.007668      0.000028
AM     0.001480     0.003193     -0.000242
AF     0.003330     0.007018     -0.000367
AP     0.002886     0.006085     -0.000321
AS     0.004366     0.009355     -0.000645
AT     0.004070     0.008858     -0.000749
AW     0.001184     0.002346      0.000022
AY     0.003034     0.005990      0.000077
AV     0.005698     0.012499     -0.001155
RA     0.003256     0.006849     -0.000346
RR     0.001936     0.002328     -0.000429
RN     0.001892     0.003527      0.000248
RD     0.002244     0.004659     -0.000174
RC     0.000572     0.001261     -0.000123
RQ     0.001584     0.003261     -0.000094
RE     0.002420     0.005319     -0.000502
RG     0.002948     0.006012     -0.000117
RH     0.000924     0.002018     -0.000178
RI     0.002860     0.005806     -0.000087
RL     0.004224     0.009800     -0.001455
RK     0.002288     0.004303      0.000265
RM     0.000880     0.001773     -0.000013
RF     0.001980     0.004058     -0.000099
RP     0.001716     0.003730     -0.000311
RS     0.002596     0.005340     -0.000150
RT     0.002420     0.004886     -0.000046
RW     0.000704     0.001552     -0.000151
RY     0.001804     0.003684     -0.000077
RV     0.003388     0.007438     -0.000693
NA     0.003182     0.006530     -0.000168
NR     0.001892     0.003527      0.000248
NN     0.001849     0.002116     -0.000285
ND     0.002193     0.004598     -0.000217
NC     0.000559     0.001242     -0.000131
NQ     0.001548     0.003371     -0.000287
NE     0.002365     0.004914     -0.000188
NG     0.002881     0.006061     -0.000307
NH     0.000903     0.001785      0.000021
NI     0.002795     0.006242     -0.000689
NL     0.004128     0.008414     -0.000160
NK     0.002236     0.004905     -0.000453
NM     0.000860     0.001850     -0.000135
NF     0.001935     0.004230     -0.000376
NP     0.001677     0.003331      0.000023
NS     0.002537     0.005681     -0.000642
NT     0.002365     0.005561     -0.000900
NW     0.000688     0.001389     -0.000013
NY     0.001763     0.004083     -0.000599
NV     0.003311     0.006619      0.000003
DA     0.003774     0.008003     -0.000468
DR     0.002244     0.004659     -0.000174
DN     0.002193     0.004598     -0.000217
DD     0.002601     0.002846     -0.000256
DC     0.000663     0.001307      0.000019
DQ     0.001836     0.003871     -0.000204
DE     0.002805     0.006024     -0.000429
DG     0.003417     0.007113     -0.000285
DH     0.001071     0.002359     -0.000228
DI     0.003315     0.007254     -0.000652
DL     0.004896     0.010524     -0.000759
DK     0.002652     0.005969     -0.000705
DM     0.001020     0.002221     -0.000189
DF     0.002295     0.004874     -0.000293
DP     0.001989     0.004125     -0.000150
DS     0.003009     0.006190     -0.000174
DT     0.002805     0.005862     -0.000258
DW     0.000816     0.001656     -0.000024
DY     0.002091     0.004533     -0.000365
DV     0.003927     0.008429     -0.000596
CA     0.000962     0.002012     -0.000090
CR     0.000572     0.001261     -0.000123
CN     0.000559     0.001242     -0.000131
CD     0.000663     0.001307      0.000019
CC     0.000169     0.000359     -0.000270
CQ     0.000468     0.000969     -0.000034
CE     0.000715     0.001322      0.000104
CG     0.000871     0.001994     -0.000269
CH     0.000273     0.000583     -0.000038
CI     0.000845     0.001764     -0.000076
CL     0.001248     0.002310      0.000179
CK     0.000676     0.001383     -0.000031
CM     0.000260     0.000503      0.000017
CF     0.000585     0.001147      0.000023
CP     0.000507     0.001175     -0.000173
CS     0.000767     0.001718     -0.000195
CT     0.000715     0.001567     -0.000143
CW     0.000208     0.000463     -0.000050
CY     0.000533     0.001184     -0.000124
CV     0.001001     0.002021     -0.000019
QA     0.002664     0.005549     -0.000226
QR     0.001584     0.003261     -0.000094
QN     0.001548     0.003371     -0.000287
QD     0.001836     0.003871     -0.000204
QC     0.000468     0.000969     -0.000034
QQ     0.001296     0.001506     -0.000226
QE     0.001980     0.003951      0.000009
QG     0.002412     0.004923     -0.000100
QH     0.000756     0.001500      0.000012
QI     0.002340     0.004727     -0.000047
QL     0.003456     0.007914     -0.001071
QK     0.001872     0.003708      0.000036
QM     0.000720     0.001577     -0.000143
QF     0.001620     0.003506     -0.000277
QP     0.001404     0.003076     -0.000280
QS     0.002124     0.004374     -0.000128
QT     0.001980     0.004110     -0.000153
QW     0.000576     0.001120      0.000032
QY     0.001476     0.003153     -0.000208
QV     0.002772     0.005929     -0.000398
EA     0.004070     0.008380     -0.000244
ER     0.002420     0.005319     -0.000502
EN     0.002365     0.004914     -0.000188
ED     0.002805     0.006024     -0.000429
EC     0.000715     0.001322      0.000104
EQ     0.001980     0.003951      0.000009
EE     0.003025     0.003604     -0.000631
EG     0.003685     0.007269      0.000100
EH     0.001155     0.002319     -0.000009
EI     0.003575     0.007779     -0.000656
EL     0.005280     0.012177     -0.001735
EK     0.002860     0.006490     -0.000820
EM     0.001100     0.002463     -0.000278
EF     0.002475     0.005276     -0.000337
EP     0.002145     0.004429     -0.000141
ES     0.003245     0.006144      0.000337
ET     0.003025     0.005877      0.000171
EW     0.000880     0.001598      0.000154
EY     0.002255     0.004776     -0.000274
EV     0.004235     0.009180     -0.000739
GA     0.004958     0.011432     -0.001626
GR     0.002948     0.006012     -0.000117
GN     0.002881     0.006061     -0.000307
GD     0.003417     0.007113     -0.000285
GC     0.000871     0.001994     -0.000269
GQ     0.002412     0.004923     -0.000100
GE     0.003685     0.007269      0.000100
GG     0.004489     0.005586     -0.001221
GH     0.001407     0.002963     -0.000153
GI     0.004355     0.009291     -0.000600
GL     0.006432     0.013223     -0.000364
GK     0.003484     0.006705      0.000258
GM     0.001340     0.002708     -0.000028
GF     0.003015     0.006291     -0.000267
GP     0.002613     0.005638     -0.000428
GS     0.003953     0.008720     -0.000855
GT     0.003685     0.007984     -0.000639
GW     0.001072     0.002564     -0.000459
GY     0.002747     0.005941     -0.000465
GV     0.005159     0.011410     -0.001148
HA     0.001554     0.003190     -0.000083
HR     0.000924     0.002018     -0.000178
HN     0.000903     0.001785      0.000021
HD     0.001071     0.002359     -0.000228
HC     0.000273     0.000583     -0.000038
HQ     0.000756     0.001500      0.000012
HE     0.001155     0.002319     -0.000009
HG     0.001407     0.002963     -0.000153
HH     0.000441     0.000463     -0.000023
HI     0.001365     0.002672      0.000057
HL     0.002016     0.004288     -0.000264
HK     0.001092     0.002107      0.000076
HM     0.000420     0.000936     -0.000101
HF     0.000945     0.002037     -0.000153
HP     0.000819     0.001659     -0.000021
HS     0.001239     0.002527     -0.000049
HT     0.001155     0.002340     -0.000030
HW     0.000336     0.000681     -0.000009
HY     0.000861     0.001727     -0.000005
HV     0.001617     0.003211      0.000023
IA     0.004810     0.009932     -0.000317
IR     0.002860     0.005806     -0.000087
IN     0.002795     0.006242     -0.000689
ID     0.003315     0.007254     -0.000652
IC     0.000845     0.001764     -0.000076
IQ     0.002340     0.004727     -0.000047
IE     0.003575     0.007779     -0.000656
IG     0.004355     0.009291     -0.000600
IH     0.001365     0.002672      0.000057
II     0.004225     0.004935     -0.000767
IL     0.006240     0.013533     -0.001096
IK     0.003380     0.007739     -0.001047
IM     0.001300     0.002791     -0.000198
IF     0.002925     0.006043     -0.000196
IP     0.002535     0.005082     -0.000012
IS     0.003835     0.008205     -0.000553
IT     0.003575     0.007582     -0.000445
IW     0.001040     0.001868      0.000201
IY     0.002665     0.005656     -0.000336
IV     0.005005     0.010693     -0.000706
LA     0.007104     0.015941     -0.001835
LR     0.004224     0.009800     -0.001455
LN     0.004128     0.008414     -0.000160
LD     0.004896     0.010524     -0.000759
LC     0.001248     0.002310      0.000179
LQ     0.003456     0.007914     -0.001071
LE     0.005280     0.012177     -0.001735
LG     0.006432     0.013223     -0.000364
LH     0.002016     0.004288     -0.000264
LI     0.006240     0.013533     -0.001096
LL     0.009216     0.010515     -0.001387
LK     0.004992     0.010993     -0.001058
LM     0.001920     0.004138     -0.000309
LF     0.004320     0.009131     -0.000505
LP     0.003744     0.007987     -0.000515
LS     0.005664     0.011821     -0.000504
LT     0.005280     0.011128     -0.000583
LW     0.001536     0.003165     -0.000094
LY     0.003936     0.007818      0.000054
LV     0.007392     0.016471     -0.001780
KA     0.003848     0.007668      0.000028
KR     0.002288     0.004303      0.000265
KN     0.002236     0.004905     -0.000453
KD     0.002652     0.005969     -0.000705
KC     0.000676     0.001383     -0.000031
KQ     0.001872     0.003708      0.000036
KE     0.002860     0.006490     -0.000820
KG     0.003484     0.006705      0.000258
KH     0.001092     0.002107      0.000076
KI     0.003380     0.007739     -0.001047
KL     0.004992     0.010993     -0.001058
KK     0.002704     0.003497     -0.000899
KM     0.001040     0.002199     -0.000122
KF     0.002340     0.005116     -0.000456
KP     0.002028     0.004125     -0.000070
KS     0.003068     0.006199     -0.000063
KT     0.002860     0.006055     -0.000345
KW     0.000832     0.001432      0.000215
KY     0.002132     0.004500     -0.000242
KV     0.004004     0.008659     -0.000677
MA     0.001480     0.003193     -0.000242
MR     0.000880     0.001773     -0.000013
MN     0.000860     0.001850     -0.000135
MD     0.001020     0.002221     -0.000189
MC     0.000260     0.000503      0.000017
MQ     0.000720     0.001577     -0.000143
ME     0.001100     0.002463     -0.000278
MG     0.001340     0.002708     -0.000028
MH     0.000420     0.000936     -0.000101
MI     0.001300     0.002791     -0.000198
ML     0.001920     0.004138     -0.000309
MK     0.001040     0.002199     -0.000122
MM     0.000400     0.000571     -0.000203
MF     0.000900     0.001905     -0.000108
MP     0.000780     0.001472      0.000085
MS     0.001180     0.002322      0.000038
MT     0.001100     0.002254     -0.000055
MW     0.000320     0.000721     -0.000086
MY     0.000820     0.001742     -0.000105
MV     0.001540     0.003236     -0.000160
FA     0.003330     0.007018     -0.000367
FR     0.001980     0.004058     -0.000099
FN     0.001935     0.004230     -0.000376
FD     0.002295     0.004874     -0.000293
FC     0.000585     0.001147      0.000023
FQ     0.001620     0.003506     -0.000277
FE     0.002475     0.005276     -0.000337
FG     0.003015     0.006291     -0.000267
FH     0.000945     0.002037     -0.000153
FI     0.002925     0.006043     -0.000196
FL     0.004320     0.009131     -0.000505
FK     0.002340     0.005116     -0.000456
FM     0.000900     0.001905     -0.000108
FF     0.002025     0.002251     -0.000238
FP     0.001755     0.003622     -0.000114
FS     0.002655     0.005693     -0.000396
FT     0.002475     0.005190     -0.000246
FW     0.000720     0.001534     -0.000097
FY     0.001845     0.003923     -0.000240
FV     0.003465     0.007165     -0.000239
PA     0.002886     0.006085     -0.000321
PR     0.001716     0.003730     -0.000311
PN     0.001677     0.003331      0.000023
PD     0.001989     0.004125     -0.000150
PC     0.000507     0.001175     -0.000173
PQ     0.001404     0.003076     -0.000280
PE     0.002145     0.004429     -0.000141
PG     0.002613     0.005638     -0.000428
PH     0.000819     0.001659     -0.000021
PI     0.002535     0.005082     -0.000012
PL     0.003744     0.007987     -0.000515
PK     0.002028     0.004125     -0.000070
PM     0.000780     0.001472      0.000085
PF     0.001755     0.003622     -0.000114
PP     0.001521     0.001794     -0.000296
PS     0.002301     0.004859     -0.000264
PT     0.002145     0.004484     -0.000198
PW     0.000624     0.001371     -0.000129
PY     0.001599     0.003224     -0.000026
PV     0.003003     0.006472     -0.000484
SA     0.004366     0.009355     -0.000645
SR     0.002596     0.005340     -0.000150
SN     0.002537     0.005681     -0.000642
SD     0.003009     0.006190     -0.000174
SC     0.000767     0.001718     -0.000195
SQ     0.002124     0.004374     -0.000128
SE     0.003245     0.006144      0.000337
SG     0.003953     0.008720     -0.000855
SH     0.001239     0.002527     -0.000049
SI     0.003835     0.008205     -0.000553
SL     0.005664     0.011821     -0.000504
SK     0.003068     0.006199     -0.000063
SM     0.001180     0.002322      0.000038
SF     0.002655     0.005693     -0.000396
SP     0.002301     0.004859     -0.000264
SS     0.003481     0.004049     -0.000612
ST     0.003245     0.007085     -0.000621
SW     0.000944     0.002144     -0.000273
SY     0.002419     0.005282     -0.000464
SV     0.004543     0.009601     -0.000529
TA     0.004070     0.008858     -0.000749
TR     0.002420     0.004886     -0.000046
TN     0.002365     0.005561     -0.000900
TD     0.002805     0.005862     -0.000258
TC     0.000715     0.001567     -0.000143
TQ     0.001980     0.004110     -0.000153
TE     0.003025     0.005877      0.000171
TG     0.003685     0.007984     -0.000639
TH     0.001155     0.002340     -0.000030
TI     0.003575     0.007582     -0.000445
TL     0.005280     0.011128     -0.000583
TK     0.002860     0.006055     -0.000345
TM     0.001100     0.002254     -0.000055
TF     0.002475     0.005190     -0.000246
TP     0.002145     0.004484     -0.000198
TS     0.003245     0.007085     -0.000621
TT     0.003025     0.003515     -0.000528
TW     0.000880     0.001981     -0.000234
TY     0.002255     0.004763     -0.000260
TV     0.004235     0.009444     -0.001028
WA     0.001184     0.002346      0.000022
WR     0.000704     0.001552     -0.000151
WN     0.000688     0.001389     -0.000013
WD     0.000816     0.001656     -0.000024
WC     0.000208     0.000463     -0.000050
WQ     0.000576     0.001120      0.000032
WE     0.000880     0.001598      0.000154
WG     0.001072     0.002564     -0.000459
WH     0.000336     0.000681     -0.000009
WI     0.001040     0.001868      0.000201
WL     0.001536     0.003165     -0.000094
WK     0.000832     0.001432      0.000215
WM     0.000320     0.000721     -0.000086
WF     0.000720     0.001534     -0.000097
WP     0.000624     0.001371     -0.000129
WS     0.000944     0.002144     -0.000273
WT     0.000880     0.001981     -0.000234
WW     0.000256     0.000380     -0.000150
WY     0.000656     0.001451     -0.000146
WV     0.001232     0.002356      0.000106
YA     0.003034     0.005990      0.000077
YR     0.001804     0.003684     -0.000077
YN     0.001763     0.004083     -0.000599
YD     0.002091     0.004533     -0.000365
YC     0.000533     0.001184     -0.000124
YQ     0.001476     0.003153     -0.000208
YE     0.002255     0.004776     -0.000274
YG     0.002747     0.005941     -0.000465
YH     0.000861     0.001727     -0.000005
YI     0.002665     0.005656     -0.000336
YL     0.003936     0.007818      0.000054
YK     0.002132     0.004500     -0.000242
YM     0.000820     0.001742     -0.000105
YF     0.001845     0.003923     -0.000240
YP     0.001599     0.003224     -0.000026
YS     0.002419     0.005282     -0.000464
YT     0.002255     0.004763     -0.000260
YW     0.000656     0.001451     -0.000146
YY     0.001681     0.001988     -0.000333
YV     0.003157     0.006119      0.000192
VA     0.005698     0.012499     -0.001155
VR     0.003388     0.007438     -0.000693
VN     0.003311     0.006619      0.000003
VD     0.003927     0.008429     -0.000596
VC     0.001001     0.002021     -0.000019
VQ     0.002772     0.005929     -0.000398
VE     0.004235     0.009180     -0.000739
VG     0.005159     0.011410     -0.001148
VH     0.001617     0.003211      0.000023
VI     0.005005     0.010693     -0.000706
VL     0.007392     0.016471     -0.001780
VK     0.004004     0.008659     -0.000677
VM     0.001540     0.003236     -0.000160
VF     0.003465     0.007165     -0.000239
VP     0.003003     0.006472     -0.000484
VS     0.004543     0.009601     -0.000529
VT     0.004235     0.009444     -0.001028
VW     0.001232     0.002356      0.000106
VY     0.003157     0.006119      0.000192
VV     0.005929     0.006668     -0.000783
