AA     0.006241     0.007668     -0.001579
AR     0.003476     0.007657     -0.000740
AN     0.003476     0.007209     -0.000262
AD     0.003871     0.008063     -0.000328
AC     0.001343     0.002762     -0.000077
AQ     0.002765     0.006137     -0.000639
AE     0.004029     0.008776     -0.000749
AG     0.005451     0.012722     -0.001964
AH     0.001659     0.003180      0.000135
AI     0.004819     0.009518      0.000119
AL     0.007426     0.017198     -0.002522
AK     0.004108     0.008322     -0.000107
AM     0.001580     0.003263     -0.000105
AF     0.003476     0.007733     -0.000823
AP     0.003239     0.006862     -0.000395
AS     0.004740     0.010054     -0.000591
AT     0.004345     0.009459     -0.000802
AW     0.001264     0.002568     -0.000040
AY     0.003239     0.006290      0.000185
AV     0.005688     0.012298     -0.000958
RA     0.003476     0.007657     -0.000740
RR     0.001936     0.002032     -0.000098
RN     0.001936     0.003999     -0.000129
RD     0.002156     0.004930     -0.000660
RC     0.000748     0.001525     -0.000029
RQ     0.001540     0.003122     -0.000042
RE     0.002244     0.005672     -0.001328
RG     0.003036     0.006703     -0.000663
RH     0.000924     0.002056     -0.000219
RI     0.002684     0.005336      0.000032
RL     0.004136     0.008970     -0.000727
RK     0.002288     0.004688     -0.000113
RM     0.000880     0.001896     -0.000141
RF     0.001936     0.004064     -0.000197
RP     0.001804     0.003893     -0.000296
RS     0.002640     0.005631     -0.000362
RT     0.002420     0.004724      0.000115
RW     0.000704     0.001461     -0.000054
RY     0.001804     0.003669     -0.000062
RV     0.003168     0.006284      0.000052
NA     0.003476     0.007209     -0.000262
NR     0.001936     0.003999     -0.000129
NN     0.001936     0.002468     -0.000599
ND     0.002156     0.004983     -0.000721
NC     0.000748     0.001496     -0.000000
NQ     0.001540     0.003445     -0.000386
NE     0.002244     0.004323      0.000162
NG     0.003036     0.006638     -0.000592
NH     0.000924     0.001867     -0.000019
NI     0.002684     0.005419     -0.000051
NL     0.004136     0.007504      0.000731
NK     0.002288     0.005212     -0.000678
NM     0.000880     0.001655      0.000102
NF     0.001936     0.003828      0.000044
NP     0.001804     0.004105     -0.000530
NS     0.002640     0.006602     -0.001475
NT     0.002420     0.005684     -0.000914
NW     0.000704     0.001584     -0.000187
NY     0.001804     0.004076     -0.000497
NV     0.003168     0.006237      0.000098
DA     0.003871     0.008063     -0.000328
DR     0.002156     0.004930     -0.000660
DN     0.002156     0.004983     -0.000721
DD     0.002401     0.002368      0.000033
DC     0.000833     0.001472      0.000182
DQ     0.001715     0.003522     -0.000093
DE     0.002499     0.004912      0.000085
DG     0.003381     0.007021     -0.000264
DH     0.001029     0.002321     -0.000279
DI     0.002989     0.005625      0.000342
DL     0.004606     0.009017      0.000193
DK     0.002548     0.006284     -0.001317
DM     0.000980     0.002103     -0.000148
DF     0.002156     0.004506     -0.000198
DP     0.002009     0.004300     -0.000292
DS     0.002940     0.006249     -0.000380
DT     0.002695     0.006114     -0.000771
DW     0.000784     0.001708     -0.000146
DY     0.002009     0.004682     -0.000716
DV     0.003528     0.007021      0.000035
CA     0.001343     0.002762     -0.000077
CR     0.000748     0.001525     -0.000029
CN     0.000748     0.001496     -0.000000
CD     0.000833     0.001472      0.000182
CC     0.000289     0.000719     -0.000655
CQ     0.000595     0.001178      0.000012
CE     0.000867     0.001561      0.000164
CG     0.001173     0.002662     -0.000336
CH     0.000357     0.000766     -0.000054
CI     0.001037     0.001702      0.000336
CL     0.001598     0.002986      0.000203
CK     0.000884     0.001649      0.000115
CM     0.000340     0.000666      0.000014
CF     0.000748     0.001514     -0.000018
CP     0.000697     0.001555     -0.000170
CS     0.001020     0.002315     -0.000293
CT     0.000935     0.002085     -0.000227
CW     0.000272     0.000642     -0.000106
CY     0.000697     0.001419     -0.000025
CV     0.001224     0.002432      0.000016
QA     0.002765     0.006137     -0.000639
QR     0.001540     0.003122     -0.000042
QN     0.001540     0.003445     -0.000386
QD     0.001715     0.003522     -0.000093
QC     0.000595     0.001178      0.000012
QQ     0.001225     0.001561     -0.000378
QE     0.001785     0.003758     -0.000193
QG     0.002415     0.005177     -0.000359
QH     0.000735     0.001443      0.000027
QI     0.002135     0.004105      0.000162
QL     0.003290     0.007356     -0.000820
QK     0.001820     0.003622      0.000018
QM     0.000700     0.001531     -0.000137
QF     0.001540     0.003098     -0.000018
QP     0.001435     0.003069     -0.000206
QS     0.002100     0.005118     -0.001012
QT     0.001925     0.004076     -0.000233
QW     0.000560     0.001178     -0.000059
QY     0.001435     0.002974     -0.000106
QV     0.002520     0.005171     -0.000133
EA     0.004029     0.008776     -0.000749
ER     0.002244     0.005672     -0.001328
EN     0.002244     0.004323      0.000162
ED     0.002499     0.004912      0.000085
EC     0.000867     0.001561      0.000164
EQ     0.001785     0.003758     -0.000193
EE     0.002601     0.002874     -0.000287
EG     0.003519     0.006968      0.000070
EH     0.001071     0.002173     -0.000031
EI     0.003111     0.006761     -0.000562
EL     0.004794     0.010984     -0.001493
EK     0.002652     0.006479     -0.001296
EM     0.001020     0.002215     -0.000182
EF     0.002244     0.004618     -0.000132
EP     0.002091     0.004470     -0.000298
ES     0.003060     0.006331     -0.000215
ET     0.002805     0.005795     -0.000188
EW     0.000816     0.001643     -0.000011
EY     0.002091     0.004400     -0.000224
EV     0.003672     0.007291      0.000053
GA     0.005451     0.012722     -0.001964
GR     0.003036     0.006703     -0.000663
GN     0.003036     0.006638     -0.000592
GD     0.003381     0.007021     -0.000264
GC     0.001173     0.002662     -0.000336
GQ     0.002415     0.005177     -0.000359
GE     0.003519     0.006968      0.000070
GG     0.004761     0.006231     -0.001677
GH     0.001449     0.003169     -0.000283
GI     0.004209     0.008605     -0.000189
GL     0.006486     0.012698      0.000271
GK     0.003588     0.006991      0.000183
GM     0.001380     0.002857     -0.000099
GF     0.003036     0.006284     -0.000216
GP     0.002829     0.006155     -0.000518
GS     0.004140     0.009795     -0.001646
GT     0.003795     0.008175     -0.000607
GW     0.001104     0.002633     -0.000464
GY     0.002829     0.005695     -0.000037
GV     0.004968     0.010802     -0.000903
HA     0.001659     0.003180      0.000135
HR     0.000924     0.002056     -0.000219
HN     0.000924     0.001867     -0.000019
HD     0.001029     0.002321     -0.000279
HC     0.000357     0.000766     -0.000054
HQ     0.000735     0.001443      0.000027
HE     0.001071     0.002173     -0.000031
HG     0.001449     0.003169     -0.000283
HH     0.000441     0.000677     -0.000290
HI     0.001281     0.002509      0.000052
HL     0.001974     0.004070     -0.000124
HK     0.001092     0.002050      0.000130
HM     0.000420     0.000889     -0.000050
HF     0.000924     0.001914     -0.000067
HP     0.000861     0.001726     -0.000004
HS     0.001260     0.002633     -0.000115
HT     0.001155     0.002326     -0.000016
HW     0.000336     0.000713     -0.000042
HY     0.000861     0.001855     -0.000138
HV     0.001512     0.002910      0.000112
IA     0.004819     0.009518      0.000119
IR     0.002684     0.005336      0.000032
IN     0.002684     0.005419     -0.000051
ID     0.002989     0.005625      0.000342
IC     0.001037     0.001702      0.000336
IQ     0.002135     0.004105      0.000162
IE     0.003111     0.006761     -0.000562
IG     0.004209     0.008605     -0.000189
IH     0.001281     0.002509      0.000052
II     0.003721     0.005165     -0.001694
IL     0.005734     0.014842     -0.003828
IK     0.003172     0.006479     -0.000136
IM     0.001220     0.002715     -0.000290
IF     0.002684     0.005790     -0.000438
IP     0.002501     0.004788      0.000209
IS     0.003660     0.007197      0.000122
IT     0.003355     0.006950     -0.000244
IW     0.000976     0.001767      0.000176
IY     0.002501     0.005201     -0.000203
IV     0.004392     0.011120     -0.002622
LA     0.007426     0.017198     -0.002522
LR     0.004136     0.008970     -0.000727
LN     0.004136     0.007504      0.000731
LD     0.004606     0.009017      0.000193
LC     0.001598     0.002986      0.000203
LQ     0.003290     0.007356     -0.000820
LE     0.004794     0.010984     -0.001493
LG     0.006486     0.012698      0.000271
LH     0.001974     0.004070     -0.000124
LI     0.005734     0.014842     -0.003828
LL     0.008836     0.011803     -0.003417
LK     0.004888     0.010519     -0.000771
LM     0.001880     0.004158     -0.000418
LF     0.004136     0.009276     -0.001063
LP     0.003854     0.007898     -0.000192
LS     0.005640     0.011361     -0.000081
LT     0.005170     0.010266      0.000074
LW     0.001504     0.003051     -0.000043
LY     0.003854     0.007727     -0.000019
LV     0.006768     0.017015     -0.003892
KA     0.004108     0.008322     -0.000107
KR     0.002288     0.004688     -0.000113
KN     0.002288     0.005212     -0.000678
KD     0.002548     0.006284     -0.001317
KC     0.000884     0.001649      0.000115
KQ     0.001820     0.003622      0.000018
KE     0.002652     0.006479     -0.001296
KG     0.003588     0.006991      0.000183
KH     0.001092     0.002050      0.000130
KI     0.003172     0.006479     -0.000136
KL     0.004888     0.010519     -0.000771
KK     0.002704     0.003404     -0.000784
KM     0.001040     0.002120     -0.000040
KF     0.002288     0.004735     -0.000162
KP     0.002132     0.004335     -0.000072
KS     0.003120     0.006750     -0.000530
KT     0.002860     0.006172     -0.000469
KW     0.000832     0.001684     -0.000020
KY     0.002132     0.004806     -0.000575
KV     0.003744     0.007698     -0.000213
MA     0.001580     0.003263     -0.000105
MR     0.000880     0.001896     -0.000141
MN     0.000880     0.001655      0.000102
MD     0.000980     0.002103     -0.000148
MC     0.000340     0.000666      0.000014
MQ     0.000700     0.001531     -0.000137
ME     0.001020     0.002215     -0.000182
MG     0.001380     0.002857     -0.000099
MH     0.000420     0.000889     -0.000050
MI     0.001220     0.002715     -0.000290
ML     0.001880     0.004158     -0.000418
MK     0.001040     0.002120     -0.000040
MM     0.000400     0.000512     -0.000126
MF     0.000880     0.002085     -0.000353
MP     0.000820     0.001590      0.000049
MS     0.001200     0.002362      0.000038
MT     0.001100     0.002138      0.000061
MW     0.000320     0.000636      0.000004
MY     0.000820     0.001743     -0.000106
MV     0.001440     0.003239     -0.000380
FA     0.003476     0.007733     -0.000823
FR     0.001936     0.004064     -0.000197
FN     0.001936     0.003828      0.000044
FD     0.002156     0.004506     -0.000198
FC     0.000748     0.001514     -0.000018
FQ     0.001540     0.003098     -0.000018
FE     0.002244     0.004618     -0.000132
FG     0.003036     0.006284     -0.000216
FH     0.000924     0.001914     -0.000067
FI     0.002684     0.005790     -0.000438
FL     0.004136     0.009276     -0.001063
FK     0.002288     0.004735     -0.000162
FM     0.000880     0.002085     -0.000353
FF     0.001936     0.002326     -0.000427
FP     0.001804     0.003787     -0.000183
FS     0.002640     0.005330     -0.000050
FT     0.002420     0.004965     -0.000127
FW     0.000704     0.001608     -0.000214
FY     0.001804     0.003875     -0.000277
FV     0.003168     0.006968     -0.000663
PA     0.003239     0.006862     -0.000395
PR     0.001804     0.003893     -0.000296
PN     0.001804     0.004105     -0.000530
PD     0.002009     0.004300     -0.000292
PC     0.000697     0.001555     -0.000170
PQ     0.001435     0.003069     -0.000206
PE     0.002091     0.004470     -0.000298
PG     0.002829     0.006155     -0.000518
PH     0.000861     0.001726     -0.000004
PI     0.002501     0.004788      0.000209
PL     0.003854     0.007898     -0.000192
PK     0.002132     0.004335     -0.000072
PM     0.000820     0.001590      0.000049
PF     0.001804     0.003787     -0.000183
PP     0.001681     0.002262     -0.000671
PS     0.002460     0.005501     -0.000614
PT     0.002255     0.004800     -0.000299
PW     0.000656     0.001396     -0.000087
PY     0.001681     0.003263      0.000098
PV     0.002952     0.006161     -0.000263
SA     0.004740     0.010054     -0.000591
SR     0.002640     0.005631     -0.000362
SN     0.002640     0.006602     -0.001475
SD     0.002940     0.006249     -0.000380
SC     0.001020     0.002315     -0.000293
SQ     0.002100     0.005118     -0.001012
SE     0.003060     0.006331     -0.000215
SG     0.004140     0.009795     -0.001646
SH     0.001260     0.002633     -0.000115
SI     0.003660     0.007197      0.000122
SL     0.005640     0.011361     -0.000081
SK     0.003120     0.006750     -0.000530
SM     0.001200     0.002362      0.000038
SF     0.002640     0.005330     -0.000050
SP     0.002460     0.005501     -0.000614
SS     0.003600     0.004329     -0.000798
ST     0.003300     0.007427     -0.000877
SW     0.000960     0.002008     -0.000090
SY     0.002460     0.005483     -0.000594
SV     0.004320     0.008411      0.000226
TA     0.004345     0.009459     -0.000802
TR     0.002420     0.004724      0.000115
TN     0.002420     0.005684     -0.000914
TD     0.002695     0.006114     -0.000771
TC     0.000935     0.002085     -0.000227
TQ     0.001925     0.004076     -0.000233
TE     0.002805     0.005795     -0.000188
TG     0.003795     0.008175     -0.000607
TH     0.001155     0.002326     -0.000016
TI     0.003355     0.006950     -0.000244
TL     0.005170     0.010266      0.000074
TK     0.002860     0.006172     -0.000469
TM     0.001100     0.002138      0.000061
TF     0.002420     0.004965     -0.000127
TP     0.002255     0.004800     -0.000299
TS     0.003300     0.007427     -0.000877
TT     0.003025     0.004058     -0.001192
TW     0.000880     0.001973     -0.000225
TY     0.002255     0.004753     -0.000249
TV     0.003960     0.008499     -0.000600
WA     0.001264     0.002568     -0.000040
WR     0.000704     0.001461     -0.000054
WN     0.000704     0.001584     -0.000187
WD     0.000784     0.001708     -0.000146
WC     0.000272     0.000642     -0.000106
WQ     0.000560     0.001178     -0.000059
WE     0.000816     0.001643     -0.000011
WG     0.001104     0.002633     -0.000464
WH     0.000336     0.000713     -0.000042
WI     0.000976     0.001767      0.000176
WL     0.001504     0.003051     -0.000043
WK     0.000832     0.001684     -0.000020
WM     0.000320     0.000636      0.000004
WF     0.000704     0.001608     -0.000214
WP     0.000656     0.001396     -0.000087
WS     0.000960     0.002008     -0.000090
WT     0.000880     0.001973     -0.000225
WW     0.000256     0.000247      0.000009
WY     0.000656     0.001425     -0.000118
WV     0.001152     0.002085      0.000208
YA     0.003239     0.006290      0.000185
YR     0.001804     0.003669     -0.000062
YN     0.001804     0.004076     -0.000497
YD     0.002009     0.004682     -0.000716
YC     0.000697     0.001419     -0.000025
YQ     0.001435     0.002974     -0.000106
YE     0.002091     0.004400     -0.000224
YG     0.002829     0.005695     -0.000037
YH     0.000861     0.001855     -0.000138
YI     0.002501     0.005201     -0.000203
YL     0.003854     0.007727     -0.000019
YK     0.002132     0.004806     -0.000575
YM     0.000820     0.001743     -0.000106
YF     0.001804     0.003875     -0.000277
YP     0.001681     0.003263      0.000098
YS     0.002460     0.005483     -0.000594
YT     0.002255     0.004753     -0.000249
YW     0.000656     0.001425     -0.000118
YY     0.001681     0.001926     -0.000262
YV     0.002952     0.005949     -0.000045
VA     0.005688     0.012298     -0.000958
VR     0.003168     0.006284      0.000052
VN     0.003168     0.006237      0.000098
VD     0.003528     0.007021      0.000035
VC     0.001224     0.002432      0.000016
VQ     0.002520     0.005171     -0.000133
VE     0.003672     0.007291      0.000053
VG     0.004968     0.010802     -0.000903
VH     0.001512     0.002910      0.000112
VI     0.004392     0.011120     -0.002622
VL     0.006768     0.017015     -0.003892
VK     0.003744     0.007698     -0.000213
VM     0.001440     0.003239     -0.000380
VF     0.003168     0.006968     -0.000663
VP     0.002952     0.006161     -0.000263
VS     0.004320     0.008411      0.000226
VT     0.003960     0.008499     -0.000600
VW     0.001152     0.002085      0.000208
VY     0.002952     0.005949     -0.000045
VV     0.005184     0.006891     -0.001961
