AA     0.006724     0.009801     -0.003693
AR     0.003690     0.006313      0.000986
AN     0.003362     0.006180      0.000521
AD     0.003280     0.007542     -0.001052
AC     0.001312     0.002891     -0.000280
AQ     0.002706     0.005449     -0.000037
AE     0.003854     0.008040     -0.000339
AG     0.008118     0.021496     -0.006033
AH     0.001558     0.002259      0.000727
AI     0.004674     0.009502     -0.000155
AL     0.006806     0.017078     -0.003874
AK     0.004100     0.007775      0.000414
AM     0.001476     0.003422     -0.000506
AF     0.003526     0.006711      0.000333
AP     0.002788     0.007243     -0.001895
AS     0.004920     0.010200     -0.000367
AT     0.004428     0.008273      0.000563
AW     0.001312     0.002691     -0.000068
AY     0.003526     0.006811      0.000237
AV     0.006150     0.014087     -0.001911
RA     0.003690     0.006313      0.000986
RR     0.002025     0.002525     -0.000557
RN     0.001845     0.004718     -0.001159
RD     0.001800     0.006379     -0.003649
RC     0.000720     0.001263      0.000166
RQ     0.001485     0.003555     -0.000639
RE     0.002115     0.007708     -0.004625
RG     0.004455     0.008971     -0.000061
RH     0.000855     0.002326     -0.000716
RI     0.002565     0.004120      0.000903
RL     0.003735     0.007841     -0.000380
RK     0.002250     0.003555      0.000838
RM     0.000810     0.001196      0.000363
RF     0.001935     0.003887     -0.000017
RP     0.001530     0.002891      0.000164
RS     0.002700     0.005316      0.000083
RT     0.002430     0.005316     -0.000477
RW     0.000720     0.001993     -0.000648
RY     0.001935     0.004651     -0.000855
RV     0.003375     0.005814      0.000868
NA     0.003362     0.006180      0.000521
NR     0.001845     0.004718     -0.001159
NN     0.001681     0.003422     -0.002432
ND     0.001640     0.003887     -0.000660
NC     0.000656     0.000831      0.000379
NQ     0.001353     0.003289     -0.000642
NE     0.001927     0.004485     -0.000680
NG     0.004059     0.010798     -0.003080
NH     0.000779     0.001894     -0.000370
NI     0.002337     0.003223      0.001198
NL     0.003403     0.004818      0.001664
NK     0.002050     0.005648     -0.001809
NM     0.000738     0.001196      0.000252
NF     0.001763     0.002724      0.000703
NP     0.001394     0.003422     -0.000701
NS     0.002460     0.006446     -0.001741
NT     0.002214     0.006113     -0.001971
NW     0.000656     0.001229      0.000080
NY     0.001763     0.003090      0.000408
NV     0.003075     0.003622      0.001918
DA     0.003280     0.007542     -0.001052
DR     0.001800     0.006379     -0.003649
DN     0.001640     0.003887     -0.000660
DD     0.001600     0.001263      0.000299
DC     0.000640     0.000864      0.000340
DQ     0.001320     0.002758     -0.000121
DE     0.001880     0.003190      0.000524
DG     0.003960     0.009868     -0.002170
DH     0.000760     0.002293     -0.000943
DI     0.002280     0.002824      0.001353
DL     0.003320     0.004485      0.001760
DK     0.002000     0.006878     -0.003728
DM     0.000720     0.001329      0.000107
DF     0.001720     0.002758      0.000609
DP     0.001360     0.003322     -0.000664
DS     0.002400     0.007010     -0.002655
DT     0.002160     0.004950     -0.000674
DW     0.000640     0.000930      0.000297
DY     0.001720     0.002459      0.000826
DV     0.003000     0.004319      0.001420
CA     0.001312     0.002891     -0.000280
CR     0.000720     0.001263      0.000166
CN     0.000656     0.000831      0.000379
CD     0.000640     0.000864      0.000340
CC     0.000256     0.003256     -0.008280
CQ     0.000528     0.000864      0.000173
CE     0.000752     0.001130      0.000323
CG     0.001584     0.003289     -0.000123
CH     0.000304     0.000664     -0.000059
CI     0.000912     0.001296      0.000443
CL     0.001328     0.002259      0.000366
CK     0.000800     0.001063      0.000435
CM     0.000288     0.000299      0.000196
CF     0.000688     0.001528     -0.000160
CP     0.000544     0.001030      0.000056
CS     0.000960     0.002060     -0.000145
CT     0.000864     0.001927     -0.000210
CW     0.000256     0.001263     -0.001140
CY     0.000688     0.001362      0.000014
CV     0.001200     0.002293      0.000105
QA     0.002706     0.005449     -0.000037
QR     0.001485     0.003555     -0.000639
QN     0.001353     0.003289     -0.000642
QD     0.001320     0.002758     -0.000121
QC     0.000528     0.000864      0.000173
QQ     0.001089     0.001794     -0.000896
QE     0.001551     0.004120     -0.001169
QG     0.003267     0.006678     -0.000146
QH     0.000627     0.001063      0.000176
QI     0.001881     0.003090      0.000608
QL     0.002739     0.005150      0.000318
QK     0.001650     0.004784     -0.001777
QM     0.000594     0.000864      0.000275
QF     0.001419     0.002658      0.000174
QP     0.001122     0.002724     -0.000528
QS     0.001980     0.004186     -0.000232
QT     0.001782     0.004618     -0.001196
QW     0.000528     0.001196     -0.000149
QY     0.001419     0.003057     -0.000227
QV     0.002475     0.003854      0.000965
EA     0.003854     0.008040     -0.000339
ER     0.002115     0.007708     -0.004625
EN     0.001927     0.004485     -0.000680
ED     0.001880     0.003190      0.000524
EC     0.000752     0.001130      0.000323
EQ     0.001551     0.004120     -0.001169
EE     0.002209     0.002525     -0.000338
EG     0.004653     0.008871      0.000425
EH     0.000893     0.002126     -0.000370
EI     0.002679     0.004651      0.000658
EL     0.003901     0.007708      0.000093
EK     0.002350     0.009768     -0.007146
EM     0.000846     0.001329      0.000321
EF     0.002021     0.003655      0.000368
EP     0.001598     0.002592      0.000543
ES     0.002820     0.005681     -0.000041
ET     0.002538     0.004884      0.000188
EW     0.000752     0.000997      0.000410
EY     0.002021     0.004286     -0.000251
EV     0.003525     0.005781      0.001147
GA     0.008118     0.021496     -0.006033
GR     0.004455     0.008971     -0.000061
GN     0.004059     0.010798     -0.003080
GD     0.003960     0.009868     -0.002170
GC     0.001584     0.003289     -0.000123
GQ     0.003267     0.006678     -0.000146
GE     0.004653     0.008871      0.000425
GG     0.009801     0.015250     -0.006742
GH     0.001881     0.004485     -0.000788
GI     0.005643     0.009967      0.001239
GL     0.008217     0.015250      0.001140
GK     0.004950     0.009569      0.000325
GM     0.001782     0.003289      0.000264
GF     0.004257     0.008472      0.000042
GP     0.003366     0.009901     -0.003819
GS     0.005940     0.016247     -0.005086
GT     0.005346     0.012725     -0.002215
GW     0.001584     0.002758      0.000382
GY     0.004257     0.008007      0.000492
GV     0.007425     0.012027      0.002536
HA     0.001558     0.002259      0.000727
HR     0.000855     0.002326     -0.000716
HN     0.000779     0.001894     -0.000370
HD     0.000760     0.002293     -0.000943
HC     0.000304     0.000664     -0.000059
HQ     0.000627     0.001063      0.000176
HE     0.000893     0.002126     -0.000370
HG     0.001881     0.004485     -0.000788
HH     0.000361     0.000233      0.000102
HI     0.001083     0.001861      0.000282
HL     0.001577     0.002990      0.000160
HK     0.000950     0.001694      0.000194
HM     0.000342     0.000930     -0.000286
HF     0.000817     0.001528      0.000102
HP     0.000646     0.001429     -0.000144
HS     0.001140     0.002525     -0.000258
HT     0.001026     0.002957     -0.001080
HW     0.000304     0.000664     -0.000059
HY     0.000817     0.001794     -0.000168
HV     0.001425     0.002392      0.000419
IA     0.004674     0.009502     -0.000155
IR     0.002565     0.004120      0.000903
IN     0.002337     0.003223      0.001198
ID     0.002280     0.002824      0.001353
IC     0.000912     0.001296      0.000443
IQ     0.001881     0.003090      0.000608
IE     0.002679     0.004651      0.000658
IG     0.005643     0.009967      0.001239
IH     0.001083     0.001861      0.000282
II     0.003249     0.008805     -0.008778
IL     0.004731     0.014719     -0.006504
IK     0.002850     0.004386      0.001149
IM     0.001026     0.003023     -0.001171
IF     0.002451     0.007210     -0.002782
IP     0.001938     0.002724      0.000961
IS     0.003420     0.004386      0.001949
IT     0.003078     0.004818      0.001181
IW     0.000912     0.001927     -0.000106
IY     0.002451     0.005250     -0.000360
IV     0.004275     0.016513     -0.010869
LA     0.006806     0.017078     -0.003874
LR     0.003735     0.007841     -0.000380
LN     0.003403     0.004818      0.001664
LD     0.003320     0.004485      0.001760
LC     0.001328     0.002259      0.000366
LQ     0.002739     0.005150      0.000318
LE     0.003901     0.007708      0.000093
LG     0.008217     0.015250      0.001140
LH     0.001577     0.002990      0.000160
LI     0.004731     0.014719     -0.006504
LL     0.006889     0.012493     -0.007436
LK     0.004150     0.007675      0.000601
LM     0.001494     0.004452     -0.001775
LF     0.003569     0.009768     -0.003064
LP     0.002822     0.004352      0.001131
LS     0.004980     0.008306      0.001508
LT     0.004482     0.006878      0.001822
LW     0.001328     0.003455     -0.000909
LY     0.003569     0.007874     -0.000773
LV     0.006225     0.018274     -0.007013
KA     0.004100     0.007775      0.000414
KR     0.002250     0.003555      0.000838
KN     0.002050     0.005648     -0.001809
KD     0.002000     0.006878     -0.003728
KC     0.000800     0.001063      0.000435
KQ     0.001650     0.004784     -0.001777
KE     0.002350     0.009768     -0.007146
KG     0.004950     0.009569      0.000325
KH     0.000950     0.001694      0.000194
KI     0.002850     0.004386      0.001149
KL     0.004150     0.007675      0.000601
KK     0.002500     0.002326      0.000168
KM     0.000900     0.001229      0.000469
KF     0.002150     0.003522      0.000703
KP     0.001700     0.002691      0.000629
KS     0.003000     0.006711     -0.000752
KT     0.002700     0.006678     -0.001419
KW     0.000800     0.001694     -0.000097
KY     0.002150     0.005482     -0.001331
KV     0.003750     0.006279      0.001116
MA     0.001476     0.003422     -0.000506
MR     0.000810     0.001196      0.000363
MN     0.000738     0.001196      0.000252
MD     0.000720     0.001329      0.000107
MC     0.000288     0.000299      0.000196
MQ     0.000594     0.000864      0.000275
ME     0.000846     0.001329      0.000321
MG     0.001782     0.003289      0.000264
MH     0.000342     0.000930     -0.000286
MI     0.001026     0.003023     -0.001171
ML     0.001494     0.004452     -0.001775
MK     0.000900     0.001229      0.000469
MM     0.000324     0.000498     -0.000214
MF     0.000774     0.002226     -0.000809
MP     0.000612     0.001130      0.000090
MS     0.001080     0.002160     -0.000000
MT     0.000972     0.001794      0.000144
MW     0.000288     0.000631     -0.000058
MY     0.000774     0.001827     -0.000303
MV     0.001350     0.002957     -0.000269
FA     0.003526     0.006711      0.000333
FR     0.001935     0.003887     -0.000017
FN     0.001763     0.002724      0.000703
FD     0.001720     0.002758      0.000609
FC     0.000688     0.001528     -0.000160
FQ     0.001419     0.002658      0.000174
FE     0.002021     0.003655      0.000368
FG     0.004257     0.008472      0.000042
FH     0.000817     0.001528      0.000102
FI     0.002451     0.007210     -0.002782
FL     0.003569     0.009768     -0.003064
FK     0.002150     0.003522      0.000703
FM     0.000774     0.002226     -0.000809
FF     0.001849     0.002724     -0.001055
FP     0.001462     0.003422     -0.000538
FS     0.002580     0.004585      0.000542
FT     0.002322     0.003256      0.001156
FW     0.000688     0.001462     -0.000089
FY     0.001849     0.004618     -0.001026
FV     0.003225     0.009004     -0.003004
PA     0.002788     0.007243     -0.001895
PR     0.001530     0.002891      0.000164
PN     0.001394     0.003422     -0.000701
PD     0.001360     0.003322     -0.000664
PC     0.000544     0.001030      0.000056
PQ     0.001122     0.002724     -0.000528
PE     0.001598     0.002592      0.000543
PG     0.003366     0.009901     -0.003819
PH     0.000646     0.001429     -0.000144
PI     0.001938     0.002724      0.000961
PL     0.002822     0.004352      0.001131
PK     0.001700     0.002691      0.000629
PM     0.000612     0.001130      0.000090
PF     0.001462     0.003422     -0.000538
PP     0.001156     0.001761     -0.000741
PS     0.002040     0.005216     -0.001281
PT     0.001836     0.003223      0.000420
PW     0.000544     0.001263     -0.000188
PY     0.001462     0.004153     -0.001457
PV     0.002550     0.004087      0.000905
SA     0.004920     0.010200     -0.000367
SR     0.002700     0.005316      0.000083
SN     0.002460     0.006446     -0.001741
SD     0.002400     0.007010     -0.002655
SC     0.000960     0.002060     -0.000145
SQ     0.001980     0.004186     -0.000232
SE     0.002820     0.005681     -0.000041
SG     0.005940     0.016247     -0.005086
SH     0.001140     0.002525     -0.000258
SI     0.003420     0.004386      0.001949
SL     0.004980     0.008306      0.001508
SK     0.003000     0.006711     -0.000752
SM     0.001080     0.002160     -0.000000
SF     0.002580     0.004585      0.000542
SP     0.002040     0.005216     -0.001281
SS     0.003600     0.005881     -0.002886
ST     0.003240     0.009668     -0.003868
SW     0.000960     0.001794      0.000122
SY     0.002580     0.004519      0.000599
SV     0.004500     0.007908      0.001023
TA     0.004428     0.008273      0.000563
TR     0.002430     0.005316     -0.000477
TN     0.002214     0.006113     -0.001971
TD     0.002160     0.004950     -0.000674
TC     0.000864     0.001927     -0.000210
TQ     0.001782     0.004618     -0.001196
TE     0.002538     0.004884      0.000188
TG     0.005346     0.012725     -0.002215
TH     0.001026     0.002957     -0.001080
TI     0.003078     0.004818      0.001181
TL     0.004482     0.006878      0.001822
TK     0.002700     0.006678     -0.001419
TM     0.000972     0.001794      0.000144
TF     0.002322     0.003256      0.001156
TP     0.001836     0.003223      0.000420
TS     0.003240     0.009668     -0.003868
TT     0.002916     0.005449     -0.003407
TW     0.000864     0.001030      0.000533
TY     0.002322     0.004186      0.000435
TV     0.004050     0.008572     -0.000485
WA     0.001312     0.002691     -0.000068
WR     0.000720     0.001993     -0.000648
WN     0.000656     0.001229      0.000080
WD     0.000640     0.000930      0.000297
WC     0.000256     0.001263     -0.001140
WQ     0.000528     0.001196     -0.000149
WE     0.000752     0.000997      0.000410
WG     0.001584     0.002758      0.000382
WH     0.000304     0.000664     -0.000059
WI     0.000912     0.001927     -0.000106
WL     0.001328     0.003455     -0.000909
WK     0.000800     0.001694     -0.000097
WM     0.000288     0.000631     -0.000058
WF     0.000688     0.001462     -0.000089
WP     0.000544     0.001263     -0.000188
WS     0.000960     0.001794      0.000122
WT     0.000864     0.001030      0.000533
WW     0.000256     0.000465     -0.000278
WY     0.000688     0.002060     -0.000831
WV     0.001200     0.002326      0.000073
YA     0.003526     0.006811      0.000237
YR     0.001935     0.004651     -0.000855
YN     0.001763     0.003090      0.000408
YD     0.001720     0.002459      0.000826
YC     0.000688     0.001362      0.000014
YQ     0.001419     0.003057     -0.000227
YE     0.002021     0.004286     -0.000251
YG     0.004257     0.008007      0.000492
YH     0.000817     0.001794     -0.000168
YI     0.002451     0.005250     -0.000360
YL     0.003569     0.007874     -0.000773
YK     0.002150     0.005482     -0.001331
YM     0.000774     0.001827     -0.000303
YF     0.001849     0.004618     -0.001026
YP     0.001462     0.004153     -0.001457
YS     0.002580     0.004519      0.000599
YT     0.002322     0.004186      0.000435
YW     0.000688     0.002060     -0.000831
YY     0.001849     0.002525     -0.000787
YV     0.003225     0.007343     -0.000952
VA     0.006150     0.014087     -0.001911
VR     0.003375     0.005814      0.000868
VN     0.003075     0.003622      0.001918
VD     0.003000     0.004319      0.001420
VC     0.001200     0.002293      0.000105
VQ     0.002475     0.003854      0.000965
VE     0.003525     0.005781      0.001147
VG     0.007425     0.012027      0.002536
VH     0.001425     0.002392      0.000419
VI     0.004275     0.016513     -0.010869
VL     0.006225     0.018274     -0.007013
VK     0.003750     0.006279      0.001116
VM     0.001350     0.002957     -0.000269
VF     0.003225     0.009004     -0.003004
VP     0.002550     0.004087      0.000905
VS     0.004500     0.007908      0.001023
VT     0.004050     0.008572     -0.000485
VW     0.001200     0.002326      0.000073
VY     0.003225     0.007343     -0.000952
VV     0.005625     0.011728     -0.008617
